1665005528590 0.5429511070251465 10100
1665005528629 0.1314074993133545 10200
1665005528666 0.03620883822441101 10300
1665005528711 0.0516769140958786 10400
1665005528749 0.019447408616542816 10500
1665005528796 0.2809213399887085 10600
1665005528838 0.19770175218582153 10700
1665005528878 0.0974886417388916 10800
1665005528919 0.09717538207769394 10900
1665005528961 0.08485651761293411 11000
1665005529005 0.29869893193244934 11100
1665005529046 0.1841059923171997 11200
1665005529089 0.19786466658115387 11300
1665005529126 0.11996566504240036 11400
1665005529163 0.18292221426963806 11500
1665005529205 0.34177350997924805 11600
1665005529242 0.23004911839962006 11700
1665005529280 0.30187731981277466 11800
1665005529316 0.39309993386268616 11900
1665005529359 0.0762219950556755 12000
1665005529408 0.46908754110336304 12100
1665005529444 0.37812691926956177 12200
1665005529485 0.165312260389328 12300
1665005529528 0.7321616411209106 12400
1665005529576 0.4012681245803833 12500
1665005529614 0.5120051503181458 12600
1665005529658 0.2972719669342041 12700
1665005529700 0.2902871072292328 12800
1665005529737 0.2990139424800873 12900
1665005529772 0.17297503352165222 13000
1665005529809 1.0726900100708008 13100
1665005529854 0.5188900232315063 13200
1665005529890 0.6014620661735535 13300
1665005529933 0.5334169864654541 13400
1665005529969 0.7966450452804565 13500
1665005530007 0.7833646535873413 13600
1665005530046 0.751801609992981 13700
1665005530081 1.0128415822982788 13800
1665005530124 0.8051537871360779 13900
1665005530162 0.3145836591720581 14000
1665005530196 1.0245457887649536 14100
1665005530236 0.9771968722343445 14200
1665005530277 1.2261120080947876 14300
1665005530319 0.8541802167892456 14400
1665005530361 1.116966962814331 14500
1665005530407 1.3894357681274414 14600
1665005530450 0.8794070482254028 14700
1665005530492 0.9127191305160522 14800
1665005530531 0.8946090340614319 14900
1665005530571 0.3057043254375458 15000
1665005530616 1.8960798978805542 15100
1665005530654 1.2056217193603516 15200
1665005530693 0.9265559911727905 15300
1665005530737 0.6332657337188721 15400
1665005530778 1.320162296295166 15500
1665005530820 2.450667381286621 15600
1665005530865 2.175096273422241 15700
1665005530907 1.2321383953094482 15800
1665005530947 0.5828979015350342 15900
1665005530984 1.493237018585205 16000
1665005531021 1.0239882469177246 16100
1665005531056 0.8748875856399536 16200
1665005531090 0.47865626215934753 16300
1665005531131 0.7284941077232361 16400
1665005531167 0.6030788421630859 16500
1665005531205 1.6328803300857544 16600
1665005531252 0.5699393153190613 16700
1665005531290 0.9681900143623352 16800
1665005531332 1.389620304107666 16900
1665005531378 0.3184962868690491 17000
1665005531419 1.7416424751281738 17100
1665005531461 0.9015722274780273 17200
1665005531498 1.3589307069778442 17300
1665005531539 2.185107707977295 17400
1665005531575 0.6681047677993774 17500
1665005531614 1.6676942110061646 17600
1665005531652 1.6237843036651611 17700
1665005531696 1.1127324104309082 17800
1665005531734 0.7575851678848267 17900
1665005531778 1.2947378158569336 18000
1665005531815 1.6549969911575317 18100
1665005531859 0.5334712862968445 18200
1665005531902 1.018181324005127 18300
1665005531938 1.4325931072235107 18400
1665005531978 0.6265532970428467 18500
1665005532017 0.8292371034622192 18600
1665005532053 1.2821121215820312 18700
1665005532092 1.2844922542572021 18800
1665005532130 0.37735050916671753 18900
1665005532171 0.9743536710739136 19000
1665005532212 0.9152984619140625 19100
1665005532254 1.2738933563232422 19200
1665005532297 1.1341582536697388 19300
1665005532340 0.3798774480819702 19400
1665005532382 1.0628809928894043 19500
1665005532421 1.2709975242614746 19600
1665005532466 1.4635047912597656 19700
1665005532506 2.061605453491211 19800
1665005532546 1.8272651433944702 19900
1665005532596 1.1441800594329834 20000
1665005532634 2.8727829456329346 20100
1665005532678 1.5466089248657227 20200
1665005532722 0.6774529218673706 20300
1665005532759 0.981094479560852 20400
1665005532794 1.0771385431289673 20500
1665005532835 1.4670127630233765 20600
1665005532875 3.1510839462280273 20700
1665005532920 1.0772836208343506 20800
1665005532961 3.1249685287475586 20900
1665005533003 1.4929648637771606 21000
1665005533046 2.202332019805908 21100
1665005533088 2.9479024410247803 21200
1665005533126 2.4078593254089355 21300
1665005533164 2.978349208831787 21400
1665005533206 1.1383678913116455 21500
1665005533248 3.000119686126709 21600
1665005533292 1.5417399406433105 21700
1665005533339 0.8058377504348755 21800
1665005533383 4.772556781768799 21900
1665005533428 5.1279778480529785 22000
1665005533472 9.361236572265625 22100
1665005533516 2.561070203781128 22200
1665005533556 1.9875013828277588 22300
1665005533596 2.924163579940796 22400
1665005533630 1.3589171171188354 22500
1665005533667 0.8765624761581421 22600
1665005533699 1.0846266746520996 22700
1665005533738 1.777791976928711 22800
1665005533776 0.5240170955657959 22900
1665005533816 1.3620035648345947 23000
1665005533858 1.0028761625289917 23100
1665005533902 3.4502906799316406 23200
1665005533937 1.6718403100967407 23300
1665005533978 3.1875429153442383 23400
1665005534020 5.373730659484863 23500
1665005534055 4.732798099517822 23600
1665005534095 0.9868768453598022 23700
1665005534134 2.2820775508880615 23800
1665005534171 1.3209882974624634 23900
1665005534210 6.054029941558838 24000
1665005534244 8.373799324035645 24100
1665005534285 5.330009460449219 24200
1665005534331 1.0182952880859375 24300
1665005534381 6.218718528747559 24400
1665005534430 7.735592842102051 24500
1665005534472 2.4856326580047607 24600
1665005534515 12.198186874389648 24700
1665005534557 1.0240696668624878 24800
1665005534594 5.712735652923584 24900
1665005534636 1.0082228183746338 25000
1665005534676 1.718632459640503 25100
1665005534716 3.1760201454162598 25200
1665005534756 3.980935573577881 25300
1665005534797 1.5881813764572144 25400
1665005534835 0.8102380037307739 25500
1665005534872 1.6510183811187744 25600
1665005534907 4.455063819885254 25700
1665005534946 4.586487293243408 25800
1665005534987 1.351529836654663 25900
1665005535024 0.8757516145706177 26000
1665005535062 7.756025791168213 26100
1665005535105 0.8641368746757507 26200
1665005535144 4.319482803344727 26300
1665005535185 3.2085320949554443 26400
1665005535224 1.7166610956192017 26500
1665005535261 9.399524688720703 26600
1665005535301 1.3967825174331665 26700
1665005535346 2.618752956390381 26800
1665005535387 1.5860555171966553 26900
1665005535431 1.686057448387146 27000
1665005535468 5.248147010803223 27100
1665005535511 6.336637496948242 27200
1665005535557 5.302865505218506 27300
1665005535596 1.4941213130950928 27400
1665005535636 9.247926712036133 27500
1665005535673 1.5292543172836304 27600
1665005535719 3.6163625717163086 27700
1665005535757 5.967054843902588 27800
1665005535797 5.451432704925537 27900
1665005535839 7.567676067352295 28000
1665005535876 2.38451886177063 28100
1665005535915 2.346304416656494 28200
1665005535954 3.125171661376953 28300
1665005535992 1.2702078819274902 28400
1665005536032 1.4016169309616089 28500
1665005536073 3.441436767578125 28600
1665005536111 6.739920616149902 28700
1665005536148 6.048401832580566 28800
1665005536187 18.68254280090332 28900
1665005536227 1.9914498329162598 29000
1665005536267 14.76936149597168 29100
1665005536311 11.787445068359375 29200
1665005536352 11.738579750061035 29300
1665005536395 3.7022976875305176 29400
1665005536440 4.462331771850586 29500
1665005536478 9.158281326293945 29600
1665005536522 6.766537666320801 29700
1665005536565 4.032810211181641 29800
1665005536605 2.916199207305908 29900
1665005536648 1.744869351387024 30000
1665005536689 11.980270385742188 30100
1665005536732 12.935298919677734 30200
1665005536777 15.275334358215332 30300
1665005536827 9.405692100524902 30400
1665005536874 1.7212982177734375 30500
1665005536917 8.465095520019531 30600
1665005536957 5.109299182891846 30700
1665005536994 8.463410377502441 30800
1665005537034 3.5355944633483887 30900
1665005537077 8.275346755981445 31000
1665005537117 23.198694229125977 31100
1665005537156 10.617532730102539 31200
1665005537190 4.726494789123535 31300
1665005537230 10.729376792907715 31400
1665005537269 3.461315631866455 31500
1665005537309 11.052433967590332 31600
1665005537351 2.8463616371154785 31700
1665005537391 2.5075902938842773 31800
1665005537427 3.9807772636413574 31900
1665005537472 8.070344924926758 32000
1665005537511 6.663954734802246 32100
1665005537550 8.25365924835205 32200
1665005537588 2.5628814697265625 32300
1665005537629 9.70191478729248 32400
1665005537670 6.0678510665893555 32500
1665005537707 7.389684677124023 32600
1665005537745 12.994756698608398 32700
1665005537786 2.3557400703430176 32800
1665005537823 15.53948974609375 32900
1665005537868 2.968827962875366 33000
1665005537909 2.764147996902466 33100
1665005537951 2.682523250579834 33200
1665005537992 2.8588805198669434 33300
1665005538031 38.432369232177734 33400
1665005538068 1.9682409763336182 33500
1665005538108 5.134539604187012 33600
1665005538142 16.28844451904297 33700
1665005538181 4.281244277954102 33800
1665005538221 8.57206916809082 33900
1665005538265 4.430549621582031 34000
1665005538301 14.906034469604492 34100
1665005538345 4.9721574783325195 34200
1665005538387 9.222200393676758 34300
1665005538428 9.58207893371582 34400
1665005538470 3.4319965839385986 34500
1665005538508 12.748165130615234 34600
1665005538549 27.56093406677246 34700
1665005538590 10.374634742736816 34800
1665005538630 3.8400793075561523 34900
1665005538674 27.19126319885254 35000
1665005538710 27.520225524902344 35100
1665005538749 27.153329849243164 35200
1665005538789 5.233273983001709 35300
1665005538832 3.1340584754943848 35400
1665005538872 11.281760215759277 35500
1665005538914 4.096452713012695 35600
1665005538950 6.635156154632568 35700
1665005538989 5.797125816345215 35800
1665005539029 5.957208156585693 35900
1665005539067 18.524879455566406 36000
1665005539110 18.924476623535156 36100
1665005539149 15.699978828430176 36200
1665005539191 8.195490837097168 36300
1665005539228 3.566270112991333 36400
1665005539270 9.736577987670898 36500
1665005539311 4.304090976715088 36600
1665005539352 23.381366729736328 36700
1665005539395 18.937698364257812 36800
1665005539435 4.336068153381348 36900
1665005539471 4.466833591461182 37000
1665005539513 5.185433387756348 37100
1665005539557 7.572845458984375 37200
1665005539599 4.422495365142822 37300
1665005539642 5.15107536315918 37400
1665005539685 13.523414611816406 37500
1665005539727 9.81495189666748 37600
1665005539769 6.14010763168335 37700
1665005539809 14.315503120422363 37800
1665005539850 5.999701023101807 37900
1665005539888 16.462928771972656 38000
1665005539932 4.71187686920166 38100
1665005539971 13.556035995483398 38200
1665005540009 30.737144470214844 38300
1665005540051 12.72231674194336 38400
1665005540093 26.65688133239746 38500
1665005540133 3.0168614387512207 38600
1665005540174 11.223011016845703 38700
1665005540213 32.062896728515625 38800
1665005540253 18.78757667541504 38900
1665005540292 11.099555969238281 39000
1665005540338 4.791003227233887 39100
1665005540383 13.796836853027344 39200
1665005540425 21.144691467285156 39300
1665005540467 15.1619873046875 39400
1665005540507 5.018327713012695 39500
1665005540547 4.494651794433594 39600
1665005540583 9.921464920043945 39700
1665005540622 11.093244552612305 39800
1665005540663 20.73971939086914 39900
1665005540701 6.421231269836426 40000
1665005540742 10.026552200317383 40100
1665005540775 5.456457138061523 40200
1665005540821 7.615560054779053 40300
1665005540859 9.545730590820312 40400
1665005540903 12.22909164428711 40500
1665005540947 15.565471649169922 40600
1665005540982 28.570417404174805 40700
1665005541026 6.790871620178223 40800
1665005541061 53.26720428466797 40900
1665005541098 42.18730545043945 41000
1665005541144 12.604496955871582 41100
1665005541182 3.942080497741699 41200
1665005541228 31.75052833557129 41300
1665005541268 8.482490539550781 41400
1665005541309 13.095159530639648 41500
1665005541353 4.045248031616211 41600
1665005541391 6.994388580322266 41700
1665005541437 6.619262218475342 41800
1665005541478 12.534448623657227 41900
1665005541514 7.943328380584717 42000
1665005541560 5.548100471496582 42100
1665005541600 5.994815349578857 42200
1665005541644 11.618156433105469 42300
1665005541685 12.535064697265625 42400
1665005541724 8.679731369018555 42500
1665005541767 6.8975629806518555 42600
1665005541807 6.971921920776367 42700
1665005541850 6.4097795486450195 42800
1665005541887 5.7267913818359375 42900
1665005541923 37.19229507446289 43000
1665005541966 6.272226810455322 43100
1665005542008 5.91160774230957 43200
1665005542045 5.037722587585449 43300
1665005542087 19.110145568847656 43400
1665005542127 4.793362617492676 43500
1665005542169 7.117520809173584 43600
1665005542205 8.512672424316406 43700
1665005542245 7.4788594245910645 43800
1665005542284 12.900625228881836 43900
1665005542333 12.13759994506836 44000
1665005542380 9.372963905334473 44100
1665005542414 7.150604248046875 44200
1665005542463 6.398850440979004 44300
1665005542503 88.97703552246094 44400
1665005542540 14.865503311157227 44500
1665005542579 41.39595031738281 44600
1665005542619 6.469442367553711 44700
1665005542660 7.553424835205078 44800
1665005542700 14.058300971984863 44900
1665005542740 51.432281494140625 45000
1665005542785 32.556976318359375 45100
1665005542823 11.973031997680664 45200
1665005542865 16.6907958984375 45300
1665005542904 9.926177024841309 45400
1665005542942 49.65299987792969 45500
1665005542983 18.12813377380371 45600
1665005543024 29.500587463378906 45700
1665005543066 9.405366897583008 45800
1665005543103 20.090152740478516 45900
1665005543145 51.307411193847656 46000
1665005543190 13.249701499938965 46100
1665005543229 13.754223823547363 46200
1665005543269 8.491183280944824 46300
1665005543307 8.928428649902344 46400
1665005543350 16.053485870361328 46500
1665005543392 12.833990097045898 46600
1665005543429 5.0312113761901855 46700
1665005543468 22.681612014770508 46800
1665005543505 89.67047882080078 46900
1665005543547 13.294883728027344 47000
1665005543590 11.710542678833008 47100
1665005543625 6.429712772369385 47200
1665005543664 33.66012191772461 47300
1665005543705 8.547163963317871 47400
1665005543742 11.037116050720215 47500
1665005543783 5.524280071258545 47600
1665005543821 7.768589019775391 47700
1665005543870 9.970216751098633 47800
1665005543913 9.774195671081543 47900
1665005543953 7.197752952575684 48000
1665005543991 16.963062286376953 48100
1665005544025 10.643259048461914 48200
1665005544066 12.615117073059082 48300
1665005544107 42.32752990722656 48400
1665005544147 15.575437545776367 48500
1665005544192 11.479964256286621 48600
1665005544235 12.163128852844238 48700
1665005544273 11.021428108215332 48800
1665005544318 34.44715881347656 48900
1665005544367 37.16502380371094 49000
1665005544413 50.1904411315918 49100
1665005544454 13.223017692565918 49200
1665005544502 23.912960052490234 49300
1665005544542 43.308563232421875 49400
1665005544581 8.394509315490723 49500
1665005544628 10.059464454650879 49600
1665005544665 10.289634704589844 49700
1665005544716 14.758869171142578 49800
1665005544761 25.974018096923828 49900
1665005544805 6.873235702514648 50000
1665005544850 30.869840621948242 50100
1665005544891 6.216743469238281 50200
1665005544934 32.615264892578125 50300
1665005544972 26.141639709472656 50400
1665005545009 76.09151458740234 50500
1665005545056 8.209383010864258 50600
1665005545099 15.164196014404297 50700
1665005545137 6.770106315612793 50800
1665005545176 9.791223526000977 50900
1665005545215 6.76563835144043 51000
1665005545252 8.477429389953613 51100
1665005545291 13.22000503540039 51200
1665005545338 18.741497039794922 51300
1665005545377 54.342987060546875 51400
1665005545420 61.5059928894043 51500
1665005545471 47.447792053222656 51600
1665005545511 41.583290100097656 51700
1665005545556 21.634063720703125 51800
1665005545596 34.56044006347656 51900
1665005545641 67.80345153808594 52000
1665005545680 22.098379135131836 52100
1665005545721 9.715692520141602 52200
1665005545763 7.3396220207214355 52300
1665005545801 8.842572212219238 52400
1665005545849 11.044841766357422 52500
1665005545886 20.093597412109375 52600
1665005545924 14.302008628845215 52700
1665005545965 29.140609741210938 52800
1665005546005 64.17536926269531 52900
1665005546047 9.984579086303711 53000
1665005546091 7.32731819152832 53100
1665005546128 62.97136688232422 53200
1665005546171 7.453540325164795 53300
1665005546213 6.123174667358398 53400
1665005546256 16.550254821777344 53500
1665005546298 48.67449188232422 53600
1665005546338 76.508544921875 53700
1665005546383 21.956676483154297 53800
1665005546424 7.6881303787231445 53900
1665005546466 77.49331665039062 54000
1665005546508 63.03902816772461 54100
1665005546545 42.03465270996094 54200
1665005546592 12.091928482055664 54300
1665005546633 50.17424774169922 54400
1665005546676 42.0719108581543 54500
1665005546718 49.69251251220703 54600
1665005546752 5.573648929595947 54700
1665005546794 35.108612060546875 54800
1665005546840 12.588035583496094 54900
1665005546881 20.72580909729004 55000
1665005546915 9.131937026977539 55100
1665005546955 39.18236541748047 55200
1665005546997 83.11123657226562 55300
1665005547037 62.998878479003906 55400
1665005547081 11.345209121704102 55500
1665005547121 63.97004699707031 55600
1665005547160 86.56610107421875 55700
1665005547203 12.805498123168945 55800
1665005547241 36.09144973754883 55900
1665005547284 12.490209579467773 56000
1665005547328 8.615438461303711 56100
1665005547369 10.330155372619629 56200
1665005547414 9.810050964355469 56300
1665005547452 10.876982688903809 56400
1665005547490 30.6715087890625 56500
1665005547530 19.074909210205078 56600
1665005547574 49.39519500732422 56700
1665005547608 10.248847007751465 56800
1665005547648 38.018165588378906 56900
1665005547690 142.53704833984375 57000
1665005547731 23.354434967041016 57100
1665005547769 68.56999206542969 57200
1665005547816 10.405344009399414 57300
1665005547861 41.265018463134766 57400
1665005547903 72.49694061279297 57500
1665005547939 59.01783752441406 57600
1665005547979 32.3087043762207 57700
1665005548025 27.504804611206055 57800
1665005548062 37.323978424072266 57900
1665005548108 25.98672866821289 58000
1665005548143 16.528121948242188 58100
1665005548184 58.037715911865234 58200
1665005548228 8.218432426452637 58300
1665005548266 106.2695541381836 58400
1665005548308 9.317413330078125 58500
1665005548353 8.629755020141602 58600
1665005548392 84.75183868408203 58700
1665005548432 23.749120712280273 58800
1665005548475 61.69297790527344 58900
1665005548514 10.889265060424805 59000
1665005548555 5.801845550537109 59100
1665005548600 9.258428573608398 59200
1665005548643 7.529909133911133 59300
1665005548681 10.377565383911133 59400
1665005548731 7.726428031921387 59500
1665005548771 4.341075897216797 59600
1665005548814 24.843891143798828 59700
1665005548859 21.31226348876953 59800
1665005548897 73.76304626464844 59900
1665005548937 13.934886932373047 60000
1665005548978 14.050140380859375 60100
1665005549018 9.937389373779297 60200
1665005549057 8.844178199768066 60300
1665005549094 98.1260986328125 60400
1665005549131 9.368549346923828 60500
1665005549175 64.94049835205078 60600
1665005549218 5.30198335647583 60700
1665005549258 34.570777893066406 60800
1665005549294 52.621482849121094 60900
1665005549339 9.88670539855957 61000
1665005549378 10.048219680786133 61100
1665005549419 12.038780212402344 61200
1665005549457 78.16341400146484 61300
1665005549500 14.825179100036621 61400
1665005549544 7.448095321655273 61500
1665005549588 9.834136962890625 61600
1665005549629 29.852331161499023 61700
1665005549667 81.39458465576172 61800
1665005549703 12.939250946044922 61900
1665005549747 17.14303970336914 62000
1665005549792 6.664706707000732 62100
1665005549835 6.935614585876465 62200
1665005549875 11.151350021362305 62300
1665005549915 5.926650524139404 62400
1665005549956 7.29455041885376 62500
1665005550000 109.92903900146484 62600
1665005550041 14.524504661560059 62700
1665005550080 28.945598602294922 62800
1665005550121 39.31925582885742 62900
1665005550159 10.381916046142578 63000
1665005550203 12.974640846252441 63100
1665005550246 6.026357650756836 63200
1665005550284 8.905985832214355 63300
1665005550333 10.083992958068848 63400
1665005550375 9.695392608642578 63500
1665005550412 7.07133150100708 63600
1665005550454 83.07621002197266 63700
1665005550499 43.2379150390625 63800
1665005550542 73.38123321533203 63900
1665005550583 14.271055221557617 64000
1665005550619 7.6824798583984375 64100
1665005550657 45.95533752441406 64200
1665005550695 9.718320846557617 64300
1665005550738 69.7682876586914 64400
1665005550778 36.279441833496094 64500
1665005550819 44.967437744140625 64600
1665005550864 30.88894271850586 64700
1665005550899 43.245635986328125 64800
1665005550939 8.35496711730957 64900
1665005550980 49.484886169433594 65000
1665005551023 13.935013771057129 65100
1665005551066 18.243972778320312 65200
1665005551105 8.942707061767578 65300
1665005551148 156.5215606689453 65400
1665005551190 91.6249771118164 65500
1665005551228 15.201066970825195 65600
1665005551269 9.690465927124023 65700
1665005551306 8.612916946411133 65800
1665005551350 9.360706329345703 65900
1665005551391 43.80696487426758 66000
1665005551434 15.313514709472656 66100
1665005551474 9.350081443786621 66200
1665005551509 149.86561584472656 66300
1665005551553 18.27774429321289 66400
1665005551597 30.588668823242188 66500
1665005551635 9.304597854614258 66600
1665005551678 16.82540512084961 66700
1665005551720 44.57770538330078 66800
1665005551763 79.6731948852539 66900
1665005551809 9.555349349975586 67000
1665005551854 7.05364990234375 67100
1665005551903 8.980034828186035 67200
1665005551942 33.509159088134766 67300
1665005551986 32.71805953979492 67400
1665005552028 187.2777862548828 67500
1665005552066 12.1441650390625 67600
1665005552105 19.958690643310547 67700
1665005552142 9.154914855957031 67800
1665005552185 13.780355453491211 67900
1665005552227 10.374205589294434 68000
1665005552268 24.25107192993164 68100
1665005552313 17.987579345703125 68200
1665005552359 16.99570655822754 68300
1665005552402 30.01927375793457 68400
1665005552441 44.21607971191406 68500
1665005552489 149.50408935546875 68600
1665005552528 8.819548606872559 68700
1665005552569 16.060033798217773 68800
1665005552614 67.68257141113281 68900
1665005552654 60.995872497558594 69000
1665005552697 7.3868088722229 69100
1665005552742 11.974702835083008 69200
1665005552782 119.64703369140625 69300
1665005552821 89.65911102294922 69400
1665005552867 6.007420539855957 69500
1665005552912 6.834554672241211 69600
1665005552946 66.33179473876953 69700
1665005552992 13.209368705749512 69800
1665005553033 19.997726440429688 69900
1665005553074 9.469925880432129 70000
1665005553112 6.143082618713379 70100
1665005553154 61.24836349487305 70200
1665005553197 8.456111907958984 70300
1665005553242 15.39627456665039 70400
1665005553282 7.230323791503906 70500
1665005553330 21.345027923583984 70600
1665005553385 15.210180282592773 70700
1665005553427 13.052310943603516 70800
1665005553468 19.11097526550293 70900
1665005553508 54.88824462890625 71000
1665005553550 19.281585693359375 71100
1665005553589 159.6725311279297 71200
1665005553629 8.270380973815918 71300
1665005553676 9.2298583984375 71400
1665005553714 32.97238540649414 71500
1665005553756 9.237571716308594 71600
1665005553796 8.610589027404785 71700
1665005553836 7.464027404785156 71800
1665005553877 62.18303680419922 71900
1665005553916 17.65632438659668 72000
1665005553957 32.01697540283203 72100
1665005553998 24.235023498535156 72200
1665005554038 21.592140197753906 72300
1665005554077 16.71657371520996 72400
1665005554111 4.5359086990356445 72500
1665005554161 10.592514038085938 72600
1665005554204 23.662128448486328 72700
1665005554248 13.767486572265625 72800
1665005554283 75.07920837402344 72900
1665005554327 126.25562286376953 73000
1665005554372 66.45989227294922 73100
1665005554408 11.837783813476562 73200
1665005554451 98.58975982666016 73300
1665005554495 19.35266876220703 73400
1665005554537 25.973690032958984 73500
1665005554581 128.91342163085938 73600
1665005554624 49.70094299316406 73700
1665005554674 34.62513732910156 73800
1665005554717 12.276639938354492 73900
1665005554755 11.786991119384766 74000
1665005554797 18.756559371948242 74100
1665005554841 48.01993179321289 74200
1665005554882 28.142934799194336 74300
1665005554925 153.5419921875 74400
1665005554972 16.661230087280273 74500
1665005555013 29.84168243408203 74600
1665005555056 11.680133819580078 74700
1665005555094 10.444032669067383 74800
1665005555138 17.89517593383789 74900
1665005555179 104.26469421386719 75000
1665005555222 13.316744804382324 75100
1665005555267 4.183673858642578 75200
1665005555309 16.050399780273438 75300
1665005555353 13.384716987609863 75400
1665005555401 12.189236640930176 75500
1665005555445 88.06097412109375 75600
1665005555488 12.348726272583008 75700
1665005555535 17.546470642089844 75800
1665005555574 34.93254852294922 75900
1665005555620 7.645241737365723 76000
1665005555663 20.877580642700195 76100
1665005555705 21.587276458740234 76200
1665005555741 90.7847671508789 76300
1665005555788 22.7735538482666 76400
1665005555830 15.342874526977539 76500
1665005555870 69.46211242675781 76600
1665005555914 13.01211166381836 76700
1665005555950 9.26388931274414 76800
1665005555993 15.580659866333008 76900
1665005556031 21.96520233154297 77000
1665005556073 13.154948234558105 77100
1665005556114 7.5971808433532715 77200
1665005556149 17.660198211669922 77300
1665005556188 12.212263107299805 77400
1665005556225 155.78558349609375 77500
1665005556262 46.254940032958984 77600
1665005556309 14.85483169555664 77700
1665005556351 25.819812774658203 77800
1665005556398 26.083938598632812 77900
1665005556441 100.44286346435547 78000
1665005556482 12.618955612182617 78100
1665005556529 22.76793098449707 78200
1665005556571 11.495811462402344 78300
1665005556617 69.9422378540039 78400
1665005556658 8.292302131652832 78500
1665005556708 29.424114227294922 78600
1665005556753 59.30656051635742 78700
1665005556797 21.970169067382812 78800
1665005556844 7.848104476928711 78900
1665005556880 33.877960205078125 79000
1665005556928 30.120853424072266 79100
1665005556971 16.099693298339844 79200
1665005557017 77.6500015258789 79300
1665005557055 41.154090881347656 79400
1665005557099 12.622833251953125 79500
1665005557143 19.87420654296875 79600
1665005557185 79.6960220336914 79700
1665005557226 42.819679260253906 79800
1665005557266 151.3727569580078 79900
1665005557307 163.47601318359375 80000
1665005557353 22.835203170776367 80100
1665005557394 44.52989959716797 80200
1665005557435 139.37271118164062 80300
1665005557477 27.73819351196289 80400
1665005557516 166.4834747314453 80500
1665005557556 47.9588508605957 80600
1665005557597 141.3471221923828 80700
1665005557637 14.377860069274902 80800
1665005557679 81.98040771484375 80900
1665005557725 98.19467163085938 81000
1665005557769 43.32803726196289 81100
1665005557811 126.75262451171875 81200
1665005557861 43.00644302368164 81300
1665005557900 32.976356506347656 81400
1665005557945 17.567310333251953 81500
1665005557995 14.649005889892578 81600
1665005558040 19.883319854736328 81700
1665005558080 9.610233306884766 81800
1665005558124 48.12986755371094 81900
1665005558167 13.017889022827148 82000
1665005558212 262.71240234375 82100
1665005558254 67.1985092163086 82200
1665005558302 6.978285789489746 82300
1665005558348 10.04094409942627 82400
1665005558389 15.366358757019043 82500
1665005558432 35.943511962890625 82600
1665005558477 144.78993225097656 82700
1665005558522 18.605674743652344 82800
1665005558562 250.38626098632812 82900
1665005558603 55.580108642578125 83000
1665005558641 18.645896911621094 83100
1665005558682 13.036933898925781 83200
1665005558726 20.402263641357422 83300
1665005558777 81.51890563964844 83400
1665005558815 31.466724395751953 83500
1665005558863 24.14847755432129 83600
1665005558905 35.48195266723633 83700
1665005558948 47.43402099609375 83800
1665005558995 25.39453887939453 83900
1665005559032 99.5833740234375 84000
1665005559078 20.897724151611328 84100
1665005559122 52.54694747924805 84200
1665005559162 122.1285171508789 84300
1665005559210 25.873966217041016 84400
1665005559248 54.843353271484375 84500
1665005559293 72.58683013916016 84600
1665005559345 8.450703620910645 84700
1665005559393 38.622528076171875 84800
1665005559434 26.225452423095703 84900
1665005559477 172.62057495117188 85000
1665005559531 53.14522171020508 85100
1665005559569 18.586380004882812 85200
1665005559615 15.6310396194458 85300
1665005559652 11.725540161132812 85400
1665005559701 149.41229248046875 85500
1665005559756 23.329181671142578 85600
1665005559797 50.93257141113281 85700
1665005559848 22.264265060424805 85800
1665005559897 37.301570892333984 85900
1665005559938 9.90158462524414 86000
1665005559982 11.938074111938477 86100
1665005560028 21.825834274291992 86200
1665005560075 10.294349670410156 86300
1665005560117 25.883808135986328 86400
1665005560155 37.07359313964844 86500
1665005560201 10.799601554870605 86600
1665005560240 160.95333862304688 86700
1665005560279 10.841732025146484 86800
1665005560325 4.150010108947754 86900
1665005560368 41.843658447265625 87000
1665005560413 15.563941955566406 87100
1665005560456 10.817917823791504 87200
1665005560499 27.145362854003906 87300
1665005560541 12.591363906860352 87400
1665005560583 13.20526123046875 87500
1665005560627 16.318147659301758 87600
1665005560675 235.37025451660156 87700
1665005560721 35.756919860839844 87800
1665005560767 174.17181396484375 87900
1665005560809 13.890987396240234 88000
1665005560854 65.64112091064453 88100
1665005560889 43.48444366455078 88200
1665005560926 144.8233642578125 88300
1665005560966 37.112606048583984 88400
1665005561005 35.15850830078125 88500
1665005561044 14.262615203857422 88600
1665005561084 12.375394821166992 88700
1665005561117 106.82093811035156 88800
1665005561163 26.865436553955078 88900
1665005561205 13.931591033935547 89000
1665005561249 10.397851943969727 89100
1665005561289 119.04194641113281 89200
1665005561334 33.907859802246094 89300
1665005561381 40.739749908447266 89400
1665005561422 29.09261703491211 89500
1665005561466 64.07368469238281 89600
1665005561512 184.80416870117188 89700
1665005561556 79.99261474609375 89800
1665005561609 55.13932800292969 89900
1665005561651 26.228588104248047 90000
1665005561696 25.212472915649414 90100
1665005561731 21.356689453125 90200
1665005561774 20.204158782958984 90300
1665005561821 13.39175796508789 90400
1665005561861 166.20794677734375 90500
1665005561909 13.270195007324219 90600
1665005561946 61.80729675292969 90700
1665005561991 27.725879669189453 90800
1665005562038 45.17881774902344 90900
1665005562082 30.63625717163086 91000
1665005562123 10.464643478393555 91100
1665005562163 27.498014450073242 91200
1665005562207 23.57345962524414 91300
1665005562252 393.2120361328125 91400
1665005562295 14.21328353881836 91500
1665005562340 7.110820293426514 91600
1665005562386 13.704696655273438 91700
1665005562427 18.227128982543945 91800
1665005562473 16.599376678466797 91900
1665005562517 29.715532302856445 92000
1665005562562 156.33224487304688 92100
1665005562603 194.83615112304688 92200
1665005562649 35.2965087890625 92300
1665005562689 167.28294372558594 92400
1665005562738 57.99460983276367 92500
1665005562781 11.060857772827148 92600
1665005562828 25.630287170410156 92700
1665005562868 15.936552047729492 92800
1665005562911 60.47652816772461 92900
1665005562951 9.508939743041992 93000
1665005562999 31.486549377441406 93100
1665005563041 45.72669982910156 93200
1665005563085 162.55784606933594 93300
1665005563133 19.556671142578125 93400
1665005563181 38.764095306396484 93500
1665005563226 77.89314270019531 93600
1665005563270 25.699138641357422 93700
1665005563319 163.02984619140625 93800
1665005563361 145.11813354492188 93900
1665005563404 306.4829406738281 94000
1665005563455 34.795440673828125 94100
1665005563498 153.06710815429688 94200
1665005563542 22.52627182006836 94300
1665005563584 36.315338134765625 94400
1665005563636 29.844650268554688 94500
1665005563677 15.752942085266113 94600
1665005563724 13.359142303466797 94700
1665005563768 42.811241149902344 94800
1665005563814 11.462846755981445 94900
1665005563869 19.100322723388672 95000
1665005563916 16.078998565673828 95100
1665005563957 16.625255584716797 95200
1665005564001 18.105348587036133 95300
1665005564042 18.642261505126953 95400
1665005564087 11.247200012207031 95500
1665005564136 80.53621673583984 95600
1665005564176 55.94794464111328 95700
1665005564216 36.61320877075195 95800
1665005564264 176.6161651611328 95900
1665005564316 111.36077880859375 96000
1665005564368 21.155622482299805 96100
1665005564412 111.66336822509766 96200
1665005564455 27.320838928222656 96300
1665005564505 37.02909469604492 96400
1665005564554 68.16686248779297 96500
1665005564600 31.562448501586914 96600
1665005564642 67.48174285888672 96700
1665005564689 116.35208129882812 96800
1665005564731 155.9686737060547 96900
1665005564789 26.37590789794922 97000
1665005564837 26.958120346069336 97100
1665005564880 15.84182071685791 97200
1665005564921 7.840902805328369 97300
1665005564968 26.240619659423828 97400
1665005565009 44.5209846496582 97500
1665005565053 40.02104187011719 97600
1665005565101 171.9492645263672 97700
1665005565146 28.81931495666504 97800
1665005565187 27.013999938964844 97900
1665005565229 105.09532165527344 98000
1665005565272 42.30745315551758 98100
1665005565322 28.70810317993164 98200
1665005565365 174.90623474121094 98300
1665005565411 79.15185546875 98400
1665005565454 91.32549285888672 98500
1665005565495 55.786895751953125 98600
1665005565537 50.6708984375 98700
1665005565578 49.68199157714844 98800
1665005565626 31.329984664916992 98900
1665005565679 119.11442565917969 99000
1665005565734 188.7051239013672 99100
1665005565774 138.62261962890625 99200
1665005565824 180.07720947265625 99300
1665005565870 68.69076538085938 99400
1665005565917 23.43752670288086 99500
1665005565955 200.94830322265625 99600
1665005566000 51.17586135864258 99700
1665005566048 61.50640106201172 99800
1665005566094 18.26702880859375 99900
1665005566140 16.71703338623047 100000
1665005566180 14.130899429321289 100100
1665005566234 51.429378509521484 100200
1665005566273 21.482200622558594 100300
1665005566320 19.307388305664062 100400
1665005566364 29.618558883666992 100500
1665005566410 127.9166030883789 100600
1665005566453 16.496482849121094 100700
1665005566499 234.45632934570312 100800
1665005566544 246.56263732910156 100900
1665005566597 152.56631469726562 101000
1665005566644 56.24019241333008 101100
1665005566693 139.6688232421875 101200
1665005566744 14.449647903442383 101300
1665005566788 192.80641174316406 101400
1665005566836 46.04267501831055 101500
1665005566879 19.86371612548828 101600
1665005566922 92.00691986083984 101700
1665005566968 185.4977264404297 101800
1665005567013 263.7308044433594 101900
1665005567062 18.297069549560547 102000
1665005567110 45.490203857421875 102100
1665005567157 46.33945083618164 102200
1665005567197 26.790008544921875 102300
1665005567248 17.48249626159668 102400
1665005567296 48.02600860595703 102500
1665005567346 196.7611541748047 102600
1665005567394 155.01101684570312 102700
1665005567446 127.88522338867188 102800
1665005567495 249.4029541015625 102900
1665005567543 55.73991394042969 103000
1665005567586 27.22085952758789 103100
1665005567634 46.82204818725586 103200
1665005567683 165.76181030273438 103300
1665005567730 26.76679801940918 103400
1665005567780 73.1707992553711 103500
1665005567823 116.96768951416016 103600
1665005567872 103.12837219238281 103700
1665005567921 24.69225311279297 103800
1665005567972 65.66183471679688 103900
1665005568013 143.30775451660156 104000
1665005568053 22.2302188873291 104100
1665005568095 244.67153930664062 104200
1665005568140 38.510765075683594 104300
1665005568183 215.8382568359375 104400
1665005568230 21.02991485595703 104500
1665005568277 214.1314239501953 104600
1665005568327 125.49395751953125 104700
1665005568370 24.749698638916016 104800
1665005568414 69.84391021728516 104900
1665005568464 65.73493194580078 105000
1665005568518 49.978240966796875 105100
1665005568567 40.96405029296875 105200
1665005568616 115.86874389648438 105300
1665005568663 123.87728881835938 105400
1665005568708 33.26154708862305 105500
1665005568752 19.86654281616211 105600
1665005568797 155.53866577148438 105700
1665005568846 46.32743835449219 105800
1665005568894 241.31752014160156 105900
1665005568934 181.84054565429688 106000
1665005568973 48.42313003540039 106100
1665005569013 24.04355239868164 106200
1665005569056 129.33343505859375 106300
1665005569098 62.811981201171875 106400
1665005569138 335.8410949707031 106500
1665005569184 38.293209075927734 106600
1665005569231 126.25062561035156 106700
1665005569276 39.27044677734375 106800
1665005569324 75.31636810302734 106900
1665005569366 123.52507019042969 107000
1665005569410 169.2349395751953 107100
1665005569454 232.7940216064453 107200
1665005569503 131.44989013671875 107300
1665005569546 38.784828186035156 107400
1665005569587 38.595436096191406 107500
1665005569637 34.16196060180664 107600
1665005569678 42.23191833496094 107700
1665005569725 154.51571655273438 107800
1665005569768 218.39248657226562 107900
1665005569822 176.17910766601562 108000
1665005569870 26.817279815673828 108100
1665005569910 181.13858032226562 108200
1665005569953 39.168888092041016 108300
1665005569997 54.983253479003906 108400
1665005570043 107.72518920898438 108500
1665005570090 100.17610168457031 108600
1665005570136 239.40333557128906 108700
1665005570183 100.13124084472656 108800
1665005570233 24.484142303466797 108900
1665005570280 480.66693115234375 109000
1665005570326 204.83486938476562 109100
1665005570381 22.172130584716797 109200
1665005570425 146.0962677001953 109300
1665005570464 250.0157470703125 109400
1665005570506 54.90671157836914 109500
1665005570553 38.3460693359375 109600
1665005570605 35.033382415771484 109700
1665005570652 185.90521240234375 109800
1665005570694 25.235641479492188 109900
1665005570737 87.36344146728516 110000
1665005570780 28.178298950195312 110100
1665005570828 160.97726440429688 110200
1665005570878 192.6770477294922 110300
1665005570925 66.60240936279297 110400
1665005570971 33.525184631347656 110500
1665005571019 71.1923599243164 110600
1665005571062 53.483131408691406 110700
1665005571107 36.68280792236328 110800
1665005571157 30.10059928894043 110900
1665005571208 46.52661895751953 111000
1665005571254 53.26495361328125 111100
1665005571303 46.59022521972656 111200
1665005571352 23.969249725341797 111300
1665005571395 14.897998809814453 111400
1665005571442 121.90959930419922 111500
1665005571495 109.69285583496094 111600
1665005571539 225.04928588867188 111700
1665005571582 366.7725830078125 111800
1665005571631 26.620899200439453 111900
1665005571674 16.34798812866211 112000
1665005571722 235.89163208007812 112100
1665005571762 60.339622497558594 112200
1665005571812 52.4283561706543 112300
1665005571872 44.49272155761719 112400
1665005571919 37.940879821777344 112500
1665005571965 33.282005310058594 112600
1665005572015 17.020456314086914 112700
1665005572062 55.96864700317383 112800
1665005572103 113.54130554199219 112900
1665005572144 32.989017486572266 113000
1665005572191 79.11357116699219 113100
1665005572234 178.50648498535156 113200
1665005572274 43.79875946044922 113300
1665005572331 27.178924560546875 113400
1665005572380 62.51515197753906 113500
1665005572426 102.97637176513672 113600
1665005572477 167.3262176513672 113700
1665005572525 178.0066375732422 113800
1665005572571 32.292320251464844 113900
1665005572615 43.47536849975586 114000
1665005572661 228.87615966796875 114100
1665005572708 76.9248046875 114200
1665005572753 52.979225158691406 114300
1665005572807 68.97842407226562 114400
1665005572850 80.06297302246094 114500
1665005572895 62.61162567138672 114600
1665005572938 23.769933700561523 114700
1665005572976 37.181907653808594 114800
1665005573028 43.405548095703125 114900
1665005573080 117.09431457519531 115000
1665005573127 30.608346939086914 115100
1665005573173 24.721885681152344 115200
1665005573218 33.58197784423828 115300
1665005573262 204.82029724121094 115400
1665005573314 21.319976806640625 115500
1665005573363 216.74021911621094 115600
1665005573414 24.809886932373047 115700
1665005573457 151.03240966796875 115800
1665005573506 292.3607482910156 115900
1665005573549 70.06411743164062 116000
1665005573596 324.6128845214844 116100
1665005573639 48.86112594604492 116200
1665005573682 17.695270538330078 116300
1665005573730 207.91619873046875 116400
1665005573782 30.690584182739258 116500
1665005573827 93.55587768554688 116600
1665005573874 20.661697387695312 116700
1665005573922 173.0937957763672 116800
1665005573970 42.657405853271484 116900
1665005574018 52.43445587158203 117000
1665005574065 27.410932540893555 117100
1665005574108 94.10453796386719 117200
1665005574148 120.94883728027344 117300
1665005574191 24.80251121520996 117400
1665005574234 90.34733581542969 117500
1665005574282 129.67926025390625 117600
1665005574329 56.25430679321289 117700
1665005574378 48.075740814208984 117800
1665005574428 239.203369140625 117900
1665005574471 30.493200302124023 118000
1665005574515 105.53385162353516 118100
1665005574566 71.32752990722656 118200
1665005574613 15.42642593383789 118300
1665005574661 43.74937438964844 118400
1665005574709 35.510047912597656 118500
1665005574753 21.603904724121094 118600
1665005574798 68.70767211914062 118700
1665005574844 530.6943359375 118800
1665005574895 59.274654388427734 118900
1665005574938 45.60343551635742 119000
1665005574980 27.089008331298828 119100
1665005575023 89.85377502441406 119200
1665005575070 63.45671463012695 119300
1665005575116 161.93385314941406 119400
1665005575166 169.84539794921875 119500
1665005575209 219.68666076660156 119600
1665005575257 56.29569625854492 119700
1665005575299 42.705875396728516 119800
1665005575348 71.8987808227539 119900
1665005575394 22.819427490234375 120000
1665005575434 286.2080993652344 120100
1665005575483 39.254669189453125 120200
1665005575524 274.1696472167969 120300
1665005575575 58.9957275390625 120400
1665005575618 44.48997116088867 120500
1665005575660 27.05474853515625 120600
1665005575703 39.69329071044922 120700
1665005575746 36.53083419799805 120800
1665005575789 39.683021545410156 120900
1665005575828 36.218814849853516 121000
1665005575872 121.2090072631836 121100
1665005575918 75.01856231689453 121200
1665005575956 57.244773864746094 121300
1665005575998 285.99114990234375 121400
1665005576040 21.829151153564453 121500
1665005576082 28.396387100219727 121600
1665005576122 45.45479202270508 121700
1665005576165 29.172122955322266 121800
1665005576208 13.022941589355469 121900
1665005576255 58.033023834228516 122000
1665005576304 47.08637619018555 122100
1665005576356 23.751049041748047 122200
1665005576400 45.6649169921875 122300
1665005576442 82.43374633789062 122400
1665005576485 81.13987731933594 122500
1665005576528 63.87049102783203 122600
1665005576572 17.796955108642578 122700
1665005576618 20.193603515625 122800
1665005576657 26.11039924621582 122900
1665005576697 15.687795639038086 123000
1665005576738 295.70379638671875 123100
1665005576786 24.52355194091797 123200
1665005576830 39.3997802734375 123300
1665005576870 30.28217315673828 123400
1665005576917 508.7210693359375 123500
1665005576956 28.443199157714844 123600
1665005576999 24.13943862915039 123700
1665005577045 18.495250701904297 123800
1665005577086 19.045454025268555 123900
1665005577131 25.935028076171875 124000
1665005577172 16.676921844482422 124100
1665005577218 21.72480010986328 124200
1665005577258 34.98567199707031 124300
1665005577301 32.41539764404297 124400
1665005577349 146.15771484375 124500
1665005577390 35.629024505615234 124600
1665005577432 28.2676944732666 124700
1665005577476 61.83030319213867 124800
1665005577517 17.552364349365234 124900
1665005577562 16.459381103515625 125000
1665005577608 22.347007751464844 125100
1665005577652 8.221537590026855 125200
1665005577698 22.3912410736084 125300
1665005577749 11.091184616088867 125400
1665005577803 52.925880432128906 125500
1665005577847 26.2911434173584 125600
1665005577892 32.99330139160156 125700
1665005577943 59.51821517944336 125800
1665005577991 26.426753997802734 125900
1665005578035 105.8686294555664 126000
1665005578077 21.543399810791016 126100
1665005578123 24.531198501586914 126200
1665005578165 52.082340240478516 126300
1665005578206 17.60587501525879 126400
1665005578247 10.40632438659668 126500
1665005578288 28.572120666503906 126600
1665005578333 14.4948091506958 126700
1665005578377 65.81513214111328 126800
1665005578417 28.327930450439453 126900
1665005578466 16.810697555541992 127000
1665005578506 14.303035736083984 127100
1665005578545 13.54452896118164 127200
1665005578589 16.744604110717773 127300
1665005578633 18.57271957397461 127400
1665005578680 17.073667526245117 127500
1665005578722 17.382495880126953 127600
1665005578762 28.984283447265625 127700
1665005578802 8.737751960754395 127800
1665005578847 248.4109649658203 127900
1665005578894 21.396533966064453 128000
1665005578934 14.730842590332031 128100
1665005578982 38.02616500854492 128200
1665005579025 286.2806701660156 128300
1665005579071 13.29947280883789 128400
1665005579117 106.25347900390625 128500
1665005579160 6.596895217895508 128600
1665005579205 18.09906005859375 128700
1665005579251 12.273368835449219 128800
1665005579295 20.849504470825195 128900
1665005579344 12.956101417541504 129000
1665005579386 14.634084701538086 129100
1665005579429 177.90797424316406 129200
1665005579474 89.82981872558594 129300
1665005579512 12.940481185913086 129400
1665005579558 8.189669609069824 129500
1665005579605 130.9654998779297 129600
1665005579648 45.912872314453125 129700
1665005579695 19.004865646362305 129800
1665005579738 34.352787017822266 129900
1665005579778 10.613912582397461 130000
1665005579821 12.756515502929688 130100
1665005579866 150.90689086914062 130200
1665005579908 18.782201766967773 130300
1665005579951 12.109541893005371 130400
1665005579991 12.091758728027344 130500
1665005580030 17.96752166748047 130600
1665005580069 12.09280014038086 130700
1665005580113 63.621971130371094 130800
1665005580152 11.260974884033203 130900
1665005580193 19.722137451171875 131000
1665005580239 11.071775436401367 131100
1665005580280 21.02183723449707 131200
1665005580323 12.796194076538086 131300
1665005580366 20.98870086669922 131400
1665005580407 15.806266784667969 131500
1665005580447 8.892213821411133 131600
1665005580490 9.682586669921875 131700
1665005580532 9.797735214233398 131800
1665005580573 163.09075927734375 131900
1665005580618 9.847029685974121 132000
1665005580662 13.58398723602295 132100
1665005580707 10.294336318969727 132200
1665005580748 142.565185546875 132300
1665005580791 159.88418579101562 132400
1665005580833 11.44979476928711 132500
1665005580875 13.518978118896484 132600
1665005580918 20.560094833374023 132700
1665005580960 10.193321228027344 132800
1665005581002 140.14212036132812 132900
1665005581044 13.374415397644043 133000
1665005581087 133.24215698242188 133100
1665005581132 9.741228103637695 133200
1665005581172 17.397573471069336 133300
1665005581216 57.078182220458984 133400
1665005581259 27.90449333190918 133500
1665005581303 30.445743560791016 133600
1665005581349 17.70840072631836 133700
1665005581395 8.866312026977539 133800
1665005581440 70.76498413085938 133900
1665005581482 14.035149574279785 134000
1665005581523 7.072881698608398 134100
1665005581564 7.4539642333984375 134200
1665005581611 12.61080551147461 134300
1665005581654 17.109649658203125 134400
1665005581698 11.154407501220703 134500
1665005581741 19.300926208496094 134600
1665005581784 28.45615577697754 134700
1665005581831 7.304913520812988 134800
1665005581876 24.271076202392578 134900
1665005581918 23.78450584411621 135000
1665005581964 22.675281524658203 135100
1665005582006 137.71104431152344 135200
1665005582049 9.289937973022461 135300
1665005582092 96.97272491455078 135400
1665005582136 5.894757270812988 135500
1665005582182 10.909490585327148 135600
1665005582226 8.756830215454102 135700
1665005582269 5.984202861785889 135800
1665005582311 11.383465766906738 135900
1665005582358 12.65775203704834 136000
1665005582397 4.966212749481201 136100
1665005582439 14.820640563964844 136200
1665005582483 4.046608924865723 136300
1665005582526 19.612653732299805 136400
1665005582568 3.578346014022827 136500
1665005582610 5.731198787689209 136600
1665005582656 8.171571731567383 136700
1665005582696 90.67450714111328 136800
1665005582740 11.137138366699219 136900
1665005582781 8.587364196777344 137000
1665005582826 8.068754196166992 137100
1665005582872 87.87541198730469 137200
1665005582914 13.183276176452637 137300
1665005582957 216.46852111816406 137400
1665005583000 7.951782703399658 137500
1665005583043 7.461573600769043 137600
1665005583086 12.256486892700195 137700
1665005583129 22.400371551513672 137800
1665005583173 55.7025146484375 137900
1665005583213 526.8502197265625 138000
1665005583258 17.446367263793945 138100
1665005583302 5.865151405334473 138200
1665005583351 13.83357048034668 138300
1665005583393 15.460652351379395 138400
1665005583433 5.378442287445068 138500
1665005583475 13.818260192871094 138600
1665005583518 23.731874465942383 138700
1665005583565 11.088385581970215 138800
1665005583605 11.596110343933105 138900
1665005583647 581.6486206054688 139000
1665005583692 15.124971389770508 139100
1665005583734 9.67734146118164 139200
1665005583777 10.016622543334961 139300
1665005583823 5.917018890380859 139400
1665005583871 41.056297302246094 139500
1665005583911 157.98228454589844 139600
1665005583955 31.509624481201172 139700
1665005583997 22.14424705505371 139800
1665005584038 99.22390747070312 139900
1665005584084 13.330690383911133 140000
1665005584125 20.875919342041016 140100
1665005584168 14.43109130859375 140200
1665005584212 27.4769229888916 140300
1665005584253 5.000855445861816 140400
1665005584294 5.221231460571289 140500
1665005584341 15.77796459197998 140600
1665005584387 14.042428970336914 140700
1665005584428 16.310749053955078 140800
1665005584471 80.79866790771484 140900
1665005584515 61.42463684082031 141000
1665005584561 12.06594467163086 141100
1665005584606 224.88595581054688 141200
1665005584650 7.063254356384277 141300
1665005584698 8.512361526489258 141400
1665005584742 18.387699127197266 141500
1665005584786 19.199283599853516 141600
1665005584828 91.91029357910156 141700
1665005584867 13.22072982788086 141800
1665005584913 64.84564971923828 141900
1665005584960 277.8340148925781 142000
1665005585002 404.22503662109375 142100
1665005585046 6.846323013305664 142200
1665005585088 24.030094146728516 142300
1665005585132 773.32861328125 142400
1665005585173 7.611567974090576 142500
1665005585218 12.658695220947266 142600
1665005585258 14.322556495666504 142700
1665005585306 15.75252628326416 142800
1665005585350 18.544008255004883 142900
1665005585400 64.97724914550781 143000
1665005585444 252.26657104492188 143100
1665005585490 12.646795272827148 143200
1665005585536 19.506385803222656 143300
1665005585578 12.336774826049805 143400
1665005585623 15.081114768981934 143500
1665005585664 5.863462448120117 143600
1665005585712 95.84004974365234 143700
1665005585754 14.593082427978516 143800
1665005585801 9.22453784942627 143900
1665005585845 7.9231061935424805 144000
1665005585888 19.017366409301758 144100
1665005585934 28.16727066040039 144200
1665005585974 22.08176040649414 144300
1665005586018 22.948333740234375 144400
1665005586059 8.659870147705078 144500
1665005586102 254.5595245361328 144600
1665005586145 27.642017364501953 144700
1665005586186 11.082672119140625 144800
1665005586230 9.002859115600586 144900
1665005586271 591.2520141601562 145000
1665005586323 99.15373229980469 145100
1665005586367 9.208386421203613 145200
1665005586416 4.9529523849487305 145300
1665005586459 15.695880889892578 145400
1665005586503 156.3509521484375 145500
1665005586545 13.614738464355469 145600
1665005586586 12.461494445800781 145700
1665005586629 14.081732749938965 145800
1665005586675 8.605305671691895 145900
1665005586718 8.393587112426758 146000
1665005586761 10.303528785705566 146100
1665005586809 7.557702541351318 146200
1665005586855 8.21360969543457 146300
1665005586896 173.76763916015625 146400
1665005586941 47.758522033691406 146500
1665005586980 15.068792343139648 146600
1665005587023 26.028606414794922 146700
1665005587065 191.66717529296875 146800
1665005587106 12.824962615966797 146900
1665005587152 22.653982162475586 147000
1665005587194 23.851638793945312 147100
1665005587238 55.878761291503906 147200
1665005587281 191.45175170898438 147300
1665005587329 67.02501678466797 147400
1665005587377 37.290184020996094 147500
1665005587419 17.572982788085938 147600
1665005587463 143.2196502685547 147700
1665005587505 17.93408203125 147800
1665005587548 13.008553504943848 147900
1665005587590 94.30561828613281 148000
1665005587634 34.11528396606445 148100
1665005587678 10.891191482543945 148200
1665005587719 16.567584991455078 148300
1665005587768 21.643035888671875 148400
1665005587812 7.322434425354004 148500
1665005587862 107.18942260742188 148600
1665005587908 18.833696365356445 148700
1665005587948 10.427142143249512 148800
1665005587992 23.113901138305664 148900
1665005588036 182.67373657226562 149000
1665005588080 78.87893676757812 149100
1665005588125 15.63376235961914 149200
1665005588167 33.16339874267578 149300
1665005588209 28.696758270263672 149400
1665005588254 19.170339584350586 149500
1665005588295 7.582119941711426 149600
1665005588341 5.807071685791016 149700
1665005588385 99.64935302734375 149800
1665005588426 9.446199417114258 149900
1665005588472 19.486217498779297 150000
1665005588513 310.86663818359375 150100
1665005588558 73.99762725830078 150200
1665005588599 11.534282684326172 150300
1665005588639 8.811904907226562 150400
1665005588691 50.1911506652832 150500
1665005588732 11.162115097045898 150600
1665005588777 7.872196197509766 150700
1665005588823 18.69466781616211 150800
1665005588866 154.0068817138672 150900
1665005588906 16.04443359375 151000
1665005588950 23.182519912719727 151100
1665005588993 25.333633422851562 151200
1665005589037 113.99348449707031 151300
1665005589081 306.52020263671875 151400
1665005589124 8.139547348022461 151500
1665005589171 13.676431655883789 151600
1665005589214 20.005083084106445 151700
1665005589259 10.775321960449219 151800
1665005589305 9.118749618530273 151900
1665005589351 41.32876205444336 152000
1665005589397 24.925888061523438 152100
1665005589438 293.58673095703125 152200
1665005589481 30.940147399902344 152300
1665005589527 8.46843147277832 152400
1665005589569 50.37323760986328 152500
1665005589614 136.00894165039062 152600
1665005589657 187.9790496826172 152700
1665005589707 23.637699127197266 152800
1665005589749 43.89112854003906 152900
1665005589796 27.739614486694336 153000
1665005589846 12.093158721923828 153100
1665005589890 122.4094467163086 153200
1665005589935 40.82276916503906 153300
1665005589985 16.370586395263672 153400
1665005590031 28.379310607910156 153500
1665005590072 24.498821258544922 153600
1665005590118 19.13411521911621 153700
1665005590165 41.241676330566406 153800
1665005590208 30.469196319580078 153900
1665005590251 575.7767333984375 154000
1665005590294 356.90826416015625 154100
1665005590343 15.358039855957031 154200
1665005590386 21.830671310424805 154300
1665005590429 220.4075469970703 154400
1665005590472 11.485832214355469 154500
1665005590519 9.42711353302002 154600
1665005590561 9.830648422241211 154700
1665005590619 382.6070251464844 154800
1665005590659 257.6552429199219 154900
1665005590703 16.08884620666504 155000
1665005590748 15.337617874145508 155100
1665005590790 16.16036033630371 155200
1665005590836 32.751678466796875 155300
1665005590880 7.702013969421387 155400
1665005590923 7.5543532371521 155500
1665005590964 24.467683792114258 155600
1665005591010 17.186138153076172 155700
1665005591052 45.51226043701172 155800
1665005591095 176.25827026367188 155900
1665005591143 9.068208694458008 156000
1665005591189 436.43475341796875 156100
1665005591233 18.20364761352539 156200
1665005591276 257.3979797363281 156300
1665005591320 9.697761535644531 156400
1665005591367 16.82878875732422 156500
1665005591412 19.000194549560547 156600
1665005591460 16.119291305541992 156700
1665005591501 17.3789119720459 156800
1665005591546 325.2027282714844 156900
1665005591590 15.90793514251709 157000
1665005591637 19.8659610748291 157100
1665005591682 13.802597045898438 157200
1665005591726 11.256929397583008 157300
1665005591771 71.91949462890625 157400
1665005591814 170.5923614501953 157500
1665005591862 93.46107482910156 157600
1665005591901 230.66928100585938 157700
1665005591946 20.129112243652344 157800
1665005591988 212.91232299804688 157900
1665005592035 97.5523452758789 158000
1665005592077 99.135009765625 158100
1665005592123 13.888662338256836 158200
1665005592172 17.784652709960938 158300
1665005592218 230.79644775390625 158400
1665005592262 17.534536361694336 158500
1665005592305 202.4064178466797 158600
1665005592352 13.812411308288574 158700
1665005592396 201.27679443359375 158800
1665005592439 197.02650451660156 158900
1665005592482 15.551319122314453 159000
1665005592526 12.397598266601562 159100
1665005592572 13.742431640625 159200
1665005592616 11.016817092895508 159300
1665005592660 16.219554901123047 159400
1665005592705 8.994977951049805 159500
1665005592751 13.456230163574219 159600
1665005592795 9.777342796325684 159700
1665005592842 10.373224258422852 159800
1665005592885 11.623771667480469 159900
1665005592928 6.362848281860352 160000
1665005592974 13.547931671142578 160100
1665005593018 151.47393798828125 160200
1665005593063 18.364084243774414 160300
1665005593110 286.6790466308594 160400
1665005593151 14.614873886108398 160500
1665005593198 269.9333190917969 160600
1665005593243 17.115333557128906 160700
1665005593290 13.111724853515625 160800
1665005593340 139.67938232421875 160900
1665005593385 126.85472869873047 161000
1665005593433 15.114036560058594 161100
1665005593479 6.046663761138916 161200
1665005593522 30.354280471801758 161300
1665005593570 16.83860969543457 161400
1665005593614 204.42446899414062 161500
1665005593657 19.565452575683594 161600
1665005593703 103.22097778320312 161700
1665005593751 11.441837310791016 161800
1665005593798 69.573486328125 161900
1665005593845 8.620631217956543 162000
1665005593892 24.027690887451172 162100
1665005593934 14.553996086120605 162200
1665005593979 102.17112731933594 162300
1665005594021 125.5982666015625 162400
1665005594064 99.30232238769531 162500
1665005594109 91.13591003417969 162600
1665005594153 80.31986236572266 162700
1665005594201 10.787525177001953 162800
1665005594243 60.517086029052734 162900
1665005594289 19.760095596313477 163000
1665005594340 169.19276428222656 163100
1665005594386 96.38729095458984 163200
1665005594430 17.983407974243164 163300
1665005594475 11.281558990478516 163400
1665005594522 19.123764038085938 163500
1665005594567 13.6172513961792 163600
1665005594617 103.14823150634766 163700
1665005594663 64.23036193847656 163800
1665005594711 50.519920349121094 163900
1665005594757 35.54861831665039 164000
1665005594802 135.8201141357422 164100
1665005594848 62.91736602783203 164200
1665005594895 16.628847122192383 164300
1665005594941 82.06255340576172 164400
1665005594988 11.667417526245117 164500
1665005595038 14.025551795959473 164600
1665005595081 47.98586654663086 164700
1665005595123 76.30951690673828 164800
1665005595167 7.4307756423950195 164900
1665005595211 116.80435180664062 165000
1665005595254 126.70774841308594 165100
1665005595299 80.49419403076172 165200
1665005595348 40.789466857910156 165300
1665005595394 60.606258392333984 165400
1665005595440 80.38994598388672 165500
1665005595486 14.051517486572266 165600
1665005595537 104.32028198242188 165700
1665005595581 15.720245361328125 165800
1665005595631 74.24891662597656 165900
1665005595675 133.03794860839844 166000
1665005595723 12.209491729736328 166100
1665005595766 53.038394927978516 166200
1665005595811 12.284509658813477 166300
1665005595859 12.874465942382812 166400
1665005595903 45.951133728027344 166500
1665005595948 16.858686447143555 166600
1665005595994 20.9215145111084 166700
1665005596041 43.95905303955078 166800
1665005596086 16.818805694580078 166900
1665005596129 17.52655792236328 167000
1665005596175 37.29631042480469 167100
1665005596226 13.219137191772461 167200
1665005596271 20.828746795654297 167300
1665005596318 64.29847717285156 167400
1665005596364 10.781899452209473 167500
1665005596407 7.676639556884766 167600
1665005596455 23.569904327392578 167700
1665005596501 104.91975402832031 167800
1665005596545 11.229629516601562 167900
1665005596590 37.89665222167969 168000
1665005596635 13.516178131103516 168100
1665005596682 18.97378921508789 168200
1665005596729 11.229623794555664 168300
1665005596779 87.9614486694336 168400
1665005596826 24.575782775878906 168500
1665005596874 15.958257675170898 168600
1665005596916 9.666069984436035 168700
1665005596964 18.152284622192383 168800
1665005597008 241.4287567138672 168900
1665005597059 234.0288543701172 169000
1665005597103 14.337618827819824 169100
1665005597150 16.703535079956055 169200
1665005597194 14.823204040527344 169300
1665005597246 31.46805763244629 169400
1665005597291 35.41593933105469 169500
1665005597341 60.334259033203125 169600
1665005597385 32.204193115234375 169700
1665005597432 57.47016143798828 169800
1665005597478 13.278587341308594 169900
1665005597522 13.450510025024414 170000
1665005597571 40.67207336425781 170100
1665005597620 15.98193359375 170200
1665005597666 123.42815399169922 170300
1665005597713 10.224316596984863 170400
1665005597760 11.15013313293457 170500
1665005597805 15.611164093017578 170600
1665005597855 21.20840072631836 170700
1665005597899 32.61436462402344 170800
1665005597947 17.816211700439453 170900
1665005597994 49.491966247558594 171000
1665005598037 46.670135498046875 171100
1665005598085 7.546986103057861 171200
1665005598126 45.36078643798828 171300
1665005598173 8.242435455322266 171400
1665005598220 14.663019180297852 171500
1665005598266 27.84604835510254 171600
1665005598314 9.079604148864746 171700
1665005598365 9.240046501159668 171800
1665005598408 15.016271591186523 171900
1665005598456 11.433521270751953 172000
1665005598499 35.531333923339844 172100
1665005598544 40.98430633544922 172200
1665005598590 14.08954906463623 172300
1665005598634 12.465374946594238 172400
1665005598683 38.603214263916016 172500
1665005598731 270.51251220703125 172600
1665005598777 6.91079044342041 172700
1665005598822 17.399978637695312 172800
1665005598871 13.619749069213867 172900
1665005598914 18.906982421875 173000
1665005598960 11.011028289794922 173100
1665005599007 6.0928521156311035 173200
1665005599051 8.344419479370117 173300
1665005599098 6.978171348571777 173400
1665005599145 32.824283599853516 173500
1665005599191 15.789946556091309 173600
1665005599244 7.951149940490723 173700
1665005599289 16.010826110839844 173800
1665005599347 36.38816452026367 173900
1665005599394 7.569257736206055 174000
1665005599437 18.018781661987305 174100
1665005599484 5.995151519775391 174200
1665005599534 9.59052562713623 174300
1665005599577 19.606719970703125 174400
1665005599625 77.7880859375 174500
1665005599667 11.687955856323242 174600
1665005599717 10.521230697631836 174700
1665005599763 10.70840072631836 174800
1665005599813 10.665390968322754 174900
1665005599861 14.209718704223633 175000
1665005599908 5.777474403381348 175100
1665005599952 21.25911521911621 175200
1665005600001 6.653883457183838 175300
1665005600051 8.422929763793945 175400
1665005600097 8.224922180175781 175500
1665005600144 45.81015396118164 175600
1665005600191 5.322426795959473 175700
1665005600235 8.532065391540527 175800
1665005600280 6.42929744720459 175900
1665005600332 76.72866821289062 176000
1665005600377 11.969274520874023 176100
1665005600427 6.477211952209473 176200
1665005600473 140.68763732910156 176300
1665005600520 9.043344497680664 176400
1665005600565 12.390423774719238 176500
1665005600612 6.678686141967773 176600
1665005600660 3.7323014736175537 176700
1665005600703 8.098764419555664 176800
1665005600752 8.60417366027832 176900
1665005600799 4.946144104003906 177000
1665005600851 8.622932434082031 177100
1665005600898 21.61608123779297 177200
1665005600950 17.927093505859375 177300
1665005600994 4.749341011047363 177400
1665005601042 115.14836120605469 177500
1665005601085 6.398996353149414 177600
1665005601136 9.316940307617188 177700
1665005601181 4.088235855102539 177800
1665005601232 4.329744338989258 177900
1665005601277 3.3184831142425537 178000
1665005601333 11.638639450073242 178100
1665005601378 20.491506576538086 178200
1665005601427 7.677645683288574 178300
1665005601475 13.194965362548828 178400
1665005601522 16.861587524414062 178500
1665005601573 14.167564392089844 178600
1665005601622 4.499101161956787 178700
1665005601668 3.9826066493988037 178800
1665005601717 5.5628533363342285 178900
1665005601767 5.884340286254883 179000
1665005601815 9.210558891296387 179100
1665005601866 6.4366865158081055 179200
1665005601909 7.057656288146973 179300
1665005601961 4.853026390075684 179400
1665005602005 7.5739288330078125 179500
1665005602051 6.04697847366333 179600
1665005602097 7.089022636413574 179700
1665005602146 2.575777053833008 179800
1665005602190 4.261073112487793 179900
1665005602238 9.110998153686523 180000
1665005602282 5.998116493225098 180100
1665005602333 5.46554708480835 180200
1665005602379 6.479738235473633 180300
1665005602424 5.746241569519043 180400
1665005602473 3.6943540573120117 180500
1665005602516 4.297506332397461 180600
1665005602566 4.160421371459961 180700
1665005602609 109.51007843017578 180800
1665005602655 12.76283073425293 180900
1665005602698 13.397772789001465 181000
1665005602754 8.934389114379883 181100
1665005602801 14.10539722442627 181200
1665005602854 5.9769816398620605 181300
1665005602896 8.955538749694824 181400
1665005602944 5.673870086669922 181500
1665005602989 9.38522720336914 181600
1665005603038 10.100980758666992 181700
1665005603083 22.445104598999023 181800
1665005603129 12.335378646850586 181900
1665005603173 4.132486820220947 182000
1665005603219 7.213805675506592 182100
1665005603265 9.791769027709961 182200
1665005603315 10.384451866149902 182300
1665005603369 116.20016479492188 182400
1665005603414 21.542213439941406 182500
1665005603458 3.94930362701416 182600
1665005603504 9.121058464050293 182700
1665005603548 5.9297356605529785 182800
1665005603597 6.43007755279541 182900
1665005603641 16.609100341796875 183000
1665005603690 5.732454299926758 183100
1665005603732 4.405633449554443 183200
1665005603780 7.989886283874512 183300
1665005603827 68.90109252929688 183400
1665005603877 18.839332580566406 183500
1665005603923 9.091285705566406 183600
1665005603965 6.25230598449707 183700
1665005604010 15.822504997253418 183800
1665005604055 7.843489170074463 183900
1665005604099 5.916043281555176 184000
1665005604148 8.229884147644043 184100
1665005604192 22.815202713012695 184200
1665005604239 19.179882049560547 184300
1665005604285 2.5956459045410156 184400
1665005604335 60.4727668762207 184500
1665005604383 12.597892761230469 184600
1665005604429 8.98478889465332 184700
1665005604473 10.484783172607422 184800
1665005604520 13.21642780303955 184900
1665005604571 7.621230125427246 185000
1665005604618 4.023017883300781 185100
1665005604661 12.67855453491211 185200
1665005604707 4.455877780914307 185300
1665005604756 35.28239440917969 185400
1665005604806 7.791587829589844 185500
1665005604852 8.910645484924316 185600
1665005604898 116.60933685302734 185700
1665005604943 9.569236755371094 185800
1665005604986 10.81051254272461 185900
1665005605034 17.358871459960938 186000
1665005605084 8.409424781799316 186100
1665005605135 6.294477939605713 186200
1665005605179 16.53638458251953 186300
1665005605229 140.9378662109375 186400
1665005605273 6.599963188171387 186500
1665005605324 4.24992561340332 186600
1665005605369 10.523529052734375 186700
1665005605417 3.047450065612793 186800
1665005605461 3.7034952640533447 186900
1665005605507 6.646578311920166 187000
1665005605557 8.68191909790039 187100
1665005605599 16.499446868896484 187200
1665005605651 5.541563034057617 187300
1665005605695 13.25554084777832 187400
1665005605740 87.38783264160156 187500
1665005605786 71.03239440917969 187600
1665005605833 92.82270812988281 187700
1665005605884 5.490110397338867 187800
1665005605930 6.38500452041626 187900
1665005605974 24.768648147583008 188000
1665005606018 111.41328430175781 188100
1665005606064 4.627138137817383 188200
1665005606111 24.588756561279297 188300
1665005606158 163.87991333007812 188400
1665005606203 17.938188552856445 188500
1665005606253 12.657581329345703 188600
1665005606300 10.161174774169922 188700
1665005606350 11.439796447753906 188800
1665005606394 4.760912895202637 188900
1665005606444 129.70742797851562 189000
1665005606489 34.678741455078125 189100
1665005606538 6.180593967437744 189200
1665005606584 21.66252899169922 189300
1665005606631 4.433441162109375 189400
1665005606677 9.22076416015625 189500
1665005606723 16.390850067138672 189600
1665005606773 4.641040802001953 189700
1665005606821 4.451312065124512 189800
1665005606870 5.101346015930176 189900
1665005606914 69.46954345703125 190000
1665005606960 13.758316993713379 190100
1665005607006 32.70016098022461 190200
1665005607053 182.0626983642578 190300
1665005607097 20.68562889099121 190400
1665005607145 208.78469848632812 190500
1665005607189 5.821047306060791 190600
1665005607239 16.684892654418945 190700
1665005607284 3.6311097145080566 190800
1665005607333 7.837851524353027 190900
1665005607381 9.970029830932617 191000
1665005607426 6.117665767669678 191100
1665005607478 100.8541259765625 191200
1665005607521 65.39842987060547 191300
1665005607567 5.0043511390686035 191400
1665005607612 37.93295669555664 191500
1665005607659 5.082828521728516 191600
1665005607706 5.179500102996826 191700
1665005607754 3.0747737884521484 191800
1665005607799 4.868793487548828 191900
1665005607851 104.20591735839844 192000
1665005607902 14.823726654052734 192100
1665005607948 5.696589469909668 192200
1665005607992 124.22235107421875 192300
1665005608037 5.099837303161621 192400
1665005608083 3.873521327972412 192500
1665005608128 6.100611209869385 192600
1665005608176 7.83087682723999 192700
1665005608223 4.484620094299316 192800
1665005608273 113.55812072753906 192900
1665005608322 5.039154052734375 193000
1665005608371 3.114572048187256 193100
1665005608416 4.465635776519775 193200
1665005608462 4.4469428062438965 193300
1665005608509 3.629711151123047 193400
1665005608554 296.67755126953125 193500
1665005608600 5.986363887786865 193600
1665005608647 2.897402286529541 193700
1665005608696 3.2657229900360107 193800
1665005608741 48.75865936279297 193900
1665005608789 5.743096351623535 194000
1665005608836 3.4418318271636963 194100
1665005608884 43.64506530761719 194200
1665005608930 5.476601600646973 194300
1665005608975 4.680025100708008 194400
1665005609021 2.3623530864715576 194500
1665005609068 2.7716739177703857 194600
1665005609115 174.38307189941406 194700
1665005609159 3.4802932739257812 194800
1665005609204 4.2910847663879395 194900
1665005609250 1.827767252922058 195000
1665005609301 130.95823669433594 195100
1665005609349 3.385166883468628 195200
1665005609395 3.245194911956787 195300
1665005609438 41.71833038330078 195400
1665005609487 2.2190866470336914 195500
1665005609535 168.69271850585938 195600
1665005609587 3.7071876525878906 195700
1665005609632 3.0396761894226074 195800
1665005609676 271.6450500488281 195900
1665005609723 9.624662399291992 196000
1665005609769 7.2262701988220215 196100
1665005609826 4.237176895141602 196200
1665005609876 2.4732322692871094 196300
1665005609921 3.323913097381592 196400
1665005609965 149.40638732910156 196500
1665005610014 4.607904434204102 196600
1665005610059 148.06185913085938 196700
1665005610112 5.535153388977051 196800
1665005610157 5.8955583572387695 196900
1665005610204 14.92086410522461 197000
1665005610250 4.215080261230469 197100
1665005610295 61.12694549560547 197200
1665005610347 200.3366241455078 197300
1665005610392 236.48019409179688 197400
1665005610439 20.707948684692383 197500
1665005610485 21.918907165527344 197600
1665005610535 3.119959592819214 197700
1665005610581 2.6750099658966064 197800
1665005610634 5.5008440017700195 197900
1665005610679 269.1039123535156 198000
1665005610726 2.895465135574341 198100
1665005610776 4.651458263397217 198200
1665005610825 2.9051105976104736 198300
1665005610871 2.3511767387390137 198400
1665005610919 3.294753313064575 198500
1665005610967 3.666156053543091 198600
1665005611024 12.678380966186523 198700
1665005611070 5.530190467834473 198800
1665005611117 9.5318603515625 198900
1665005611164 25.497407913208008 199000
1665005611211 18.804256439208984 199100
1665005611259 7.410156726837158 199200
1665005611307 5.740042686462402 199300
1665005611367 3.7930588722229004 199400
1665005611413 4.137052536010742 199500
1665005611461 5.1080322265625 199600
1665005611510 2.401406764984131 199700
1665005611558 2.963097095489502 199800
1665005611606 284.0912170410156 199900
