1665005528589 0.22271616756916046 10100
1665005528628 0.6397765874862671 10200
1665005528665 0.9781785607337952 10300
1665005528710 1.0246646404266357 10400
1665005528748 0.8992191553115845 10500
1665005528795 1.4035526514053345 10600
1665005528837 2.141559600830078 10700
1665005528877 1.904895544052124 10800
1665005528918 1.7097326517105103 10900
1665005528960 1.8720252513885498 11000
1665005529004 2.75183367729187 11100
1665005529046 3.118335008621216 11200
1665005529088 2.6364500522613525 11300
1665005529125 2.7854995727539062 11400
1665005529163 2.9125759601593018 11500
1665005529204 3.853121519088745 11600
1665005529241 3.961228609085083 11700
1665005529279 3.59977388381958 11800
1665005529315 3.895270586013794 11900
1665005529359 3.827899932861328 12000
1665005529407 4.7843708992004395 12100
1665005529443 4.637705326080322 12200
1665005529484 4.54099178314209 12300
1665005529528 4.588957786560059 12400
1665005529575 4.540282726287842 12500
1665005529614 5.729724884033203 12600
1665005529658 5.1142473220825195 12700
1665005529700 5.489224910736084 12800
1665005529736 5.300817489624023 12900
1665005529771 5.5277605056762695 13000
1665005529808 6.641592979431152 13100
1665005529853 5.99802827835083 13200
1665005529889 6.353734970092773 13300
1665005529933 6.127577781677246 13400
1665005529968 6.305425643920898 13500
1665005530007 7.308996677398682 13600
1665005530045 6.810319900512695 13700
1665005530080 7.358263969421387 13800
1665005530124 6.834062576293945 13900
1665005530161 7.172189235687256 14000
1665005530196 8.297186851501465 14100
1665005530235 7.66034460067749 14200
1665005530276 8.029115676879883 14300
1665005530318 7.856659889221191 14400
1665005530360 8.028467178344727 14500
1665005530406 9.1209716796875 14600
1665005530450 8.252264976501465 14700
1665005530492 8.878511428833008 14800
1665005530531 8.44042682647705 14900
1665005530570 8.814701080322266 15000
1665005530615 9.965034484863281 15100
1665005530653 9.272992134094238 15200
1665005530693 9.966365814208984 15300
1665005530736 9.51173210144043 15400
1665005530777 9.110795021057129 15500
1665005530820 10.781352996826172 15600
1665005530864 10.063807487487793 15700
1665005530906 10.004218101501465 15800
1665005530946 10.609325408935547 15900
1665005530983 10.042512893676758 16000
1665005531020 11.239398002624512 16100
1665005531055 10.87019157409668 16200
1665005531089 11.077777862548828 16300
1665005531130 11.332585334777832 16400
1665005531166 11.33120346069336 16500
1665005531205 12.020063400268555 16600
1665005531251 11.552532196044922 16700
1665005531289 11.31428337097168 16800
1665005531331 11.732152938842773 16900
1665005531377 12.137127876281738 17000
1665005531418 12.57229232788086 17100
1665005531460 12.21847152709961 17200
1665005531498 11.948403358459473 17300
1665005531538 12.244684219360352 17400
1665005531574 12.286163330078125 17500
1665005531613 13.464768409729004 17600
1665005531651 13.0897798538208 17700
1665005531696 12.9282808303833 17800
1665005531733 13.525527954101562 17900
1665005531777 12.913928031921387 18000
1665005531815 13.678915977478027 18100
1665005531858 13.930658340454102 18200
1665005531902 14.070740699768066 18300
1665005531938 14.01982307434082 18400
1665005531978 14.333231925964355 18500
1665005532017 15.458179473876953 18600
1665005532052 14.69249153137207 18700
1665005532092 14.737046241760254 18800
1665005532130 15.170025825500488 18900
1665005532170 15.086385726928711 19000
1665005532212 16.11213493347168 19100
1665005532253 16.060440063476562 19200
1665005532296 15.160993576049805 19300
1665005532339 16.25946807861328 19400
1665005532381 15.634950637817383 19500
1665005532420 16.768503189086914 19600
1665005532465 16.901397705078125 19700
1665005532505 16.340858459472656 19800
1665005532545 16.658214569091797 19900
1665005532595 16.528419494628906 20000
1665005532633 17.384811401367188 20100
1665005532677 18.11297035217285 20200
1665005532721 17.218141555786133 20300
1665005532758 17.359100341796875 20400
1665005532793 17.493423461914062 20500
1665005532835 17.943435668945312 20600
1665005532874 17.21942901611328 20700
1665005532919 17.679153442382812 20800
1665005532961 18.291332244873047 20900
1665005533002 18.248178482055664 21000
1665005533045 20.04669189453125 21100
1665005533087 18.904951095581055 21200
1665005533125 19.04316520690918 21300
1665005533163 20.48514175415039 21400
1665005533206 19.728641510009766 21500
1665005533247 20.816387176513672 21600
1665005533291 19.91575050354004 21700
1665005533339 19.63632583618164 21800
1665005533382 20.667526245117188 21900
1665005533427 20.88372230529785 22000
1665005533472 21.313716888427734 22100
1665005533515 20.883563995361328 22200
1665005533556 20.090484619140625 22300
1665005533596 20.59479522705078 22400
1665005533629 20.963600158691406 22500
1665005533667 22.43657684326172 22600
1665005533698 22.8323974609375 22700
1665005533737 23.633621215820312 22800
1665005533776 22.852100372314453 22900
1665005533815 22.987865447998047 23000
1665005533857 25.003219604492188 23100
1665005533902 23.658706665039062 23200
1665005533937 23.343955993652344 23300
1665005533978 23.88974380493164 23400
1665005534019 21.960878372192383 23500
1665005534054 24.895751953125 23600
1665005534094 25.55459213256836 23700
1665005534133 25.410781860351562 23800
1665005534170 24.46932601928711 23900
1665005534209 24.972627639770508 24000
1665005534243 25.78688621520996 24100
1665005534284 26.569347381591797 24200
1665005534330 25.586284637451172 24300
1665005534380 25.005279541015625 24400
1665005534429 26.25271224975586 24500
1665005534471 28.08587646484375 24600
1665005534514 26.5458927154541 24700
1665005534556 27.286300659179688 24800
1665005534594 27.07419776916504 24900
1665005534635 28.64679718017578 25000
1665005534675 28.46699333190918 25100
1665005534716 28.56365394592285 25200
1665005534755 28.289886474609375 25300
1665005534796 29.060897827148438 25400
1665005534834 29.147972106933594 25500
1665005534871 29.33287811279297 25600
1665005534906 29.38406753540039 25700
1665005534945 28.713603973388672 25800
1665005534986 28.488256454467773 25900
1665005535023 30.15576171875 26000
1665005535061 31.703746795654297 26100
1665005535104 31.204132080078125 26200
1665005535144 29.630645751953125 26300
1665005535184 29.686723709106445 26400
1665005535223 30.574565887451172 26500
1665005535261 31.53469467163086 26600
1665005535301 32.86277770996094 26700
1665005535345 29.844600677490234 26800
1665005535386 31.126502990722656 26900
1665005535430 30.187746047973633 27000
1665005535467 33.805076599121094 27100
1665005535510 35.45738983154297 27200
1665005535556 31.17035484313965 27300
1665005535595 33.21240234375 27400
1665005535636 33.084781646728516 27500
1665005535672 33.413448333740234 27600
1665005535718 34.21460723876953 27700
1665005535756 33.60325241088867 27800
1665005535797 31.574857711791992 27900
1665005535838 32.814842224121094 28000
1665005535875 36.335140228271484 28100
1665005535915 35.89874267578125 28200
1665005535954 33.25170135498047 28300
1665005535992 35.039527893066406 28400
1665005536032 34.90080642700195 28500
1665005536073 37.92360305786133 28600
1665005536111 37.0256233215332 28700
1665005536148 36.608055114746094 28800
1665005536186 37.17673110961914 28900
1665005536226 37.15129852294922 29000
1665005536266 36.7340087890625 29100
1665005536310 37.67869186401367 29200
1665005536351 36.35971450805664 29300
1665005536394 36.31757354736328 29400
1665005536440 39.22876739501953 29500
1665005536477 40.880340576171875 29600
1665005536521 41.162445068359375 29700
1665005536565 39.01336669921875 29800
1665005536604 39.692344665527344 29900
1665005536647 39.584747314453125 30000
1665005536689 41.58976364135742 30100
1665005536731 39.88378143310547 30200
1665005536776 41.958255767822266 30300
1665005536826 40.54573440551758 30400
1665005536873 42.22452926635742 30500
1665005536916 42.43836212158203 30600
1665005536956 41.84263610839844 30700
1665005536993 39.70628356933594 30800
1665005537033 42.49626159667969 30900
1665005537076 41.403602600097656 31000
1665005537116 42.887596130371094 31100
1665005537156 42.50124740600586 31200
1665005537189 41.65882110595703 31300
1665005537229 42.67900848388672 31400
1665005537269 44.78981018066406 31500
1665005537308 44.927406311035156 31600
1665005537351 43.71895217895508 31700
1665005537390 45.52860641479492 31800
1665005537427 44.436920166015625 31900
1665005537471 41.811065673828125 32000
1665005537510 45.29301071166992 32100
1665005537549 49.78348159790039 32200
1665005537587 46.31389617919922 32300
1665005537628 48.47165298461914 32400
1665005537670 46.8165283203125 32500
1665005537707 48.045494079589844 32600
1665005537744 47.71120834350586 32700
1665005537785 49.229103088378906 32800
1665005537822 48.717262268066406 32900
1665005537868 48.074249267578125 33000
1665005537909 50.912960052490234 33100
1665005537950 50.223445892333984 33200
1665005537991 48.977081298828125 33300
1665005538030 48.192020416259766 33400
1665005538067 52.71772003173828 33500
1665005538107 52.26245880126953 33600
1665005538142 49.18415451049805 33700
1665005538181 47.99578094482422 33800
1665005538221 50.319007873535156 33900
1665005538265 49.40697479248047 34000
1665005538301 53.135719299316406 34100
1665005538345 52.05739974975586 34200
1665005538386 53.17034912109375 34300
1665005538427 49.675472259521484 34400
1665005538469 53.58796691894531 34500
1665005538508 54.85298156738281 34600
1665005538548 55.16944122314453 34700
1665005538589 56.12029266357422 34800
1665005538630 56.13174057006836 34900
1665005538673 53.785675048828125 35000
1665005538709 54.376346588134766 35100
1665005538749 56.19723129272461 35200
1665005538788 56.21556091308594 35300
1665005538831 55.988487243652344 35400
1665005538871 54.12394714355469 35500
1665005538914 55.416709899902344 35600
1665005538949 56.1613655090332 35700
1665005538988 56.405670166015625 35800
1665005539028 58.388671875 35900
1665005539066 54.790855407714844 36000
1665005539109 58.788150787353516 36100
1665005539149 57.67203140258789 36200
1665005539191 55.714656829833984 36300
1665005539227 58.47182846069336 36400
1665005539270 55.67793273925781 36500
1665005539310 59.33507537841797 36600
1665005539352 58.49463653564453 36700
1665005539394 58.45964431762695 36800
1665005539434 59.989097595214844 36900
1665005539471 60.58985137939453 37000
1665005539513 62.69816589355469 37100
1665005539556 60.817649841308594 37200
1665005539598 63.22867202758789 37300
1665005539641 60.875892639160156 37400
1665005539684 61.38867950439453 37500
1665005539726 61.63008117675781 37600
1665005539768 63.409706115722656 37700
1665005539808 63.31283950805664 37800
1665005539849 61.879066467285156 37900
1665005539887 62.057525634765625 38000
1665005539931 64.06595611572266 38100
1665005539970 63.9193229675293 38200
1665005540008 64.60932922363281 38300
1665005540051 64.81068420410156 38400
1665005540093 67.37185668945312 38500
1665005540132 68.6591796875 38600
1665005540173 65.76272583007812 38700
1665005540212 65.38118743896484 38800
1665005540253 66.0385971069336 38900
1665005540291 66.84910583496094 39000
1665005540337 70.7032470703125 39100
1665005540382 62.09458923339844 39200
1665005540424 70.02837371826172 39300
1665005540466 70.79694366455078 39400
1665005540506 66.23648834228516 39500
1665005540547 66.10466003417969 39600
1665005540583 66.350830078125 39700
1665005540621 67.67301940917969 39800
1665005540662 65.44581604003906 39900
1665005540701 66.02661895751953 40000
1665005540741 70.8843765258789 40100
1665005540775 67.53630065917969 40200
1665005540820 67.41407775878906 40300
1665005540858 69.60066223144531 40400
1665005540902 71.38679504394531 40500
1665005540946 71.70207977294922 40600
1665005540982 71.48282623291016 40700
1665005541025 70.62036895751953 40800
1665005541060 73.10389709472656 40900
1665005541098 73.50303649902344 41000
1665005541143 75.03933715820312 41100
1665005541181 77.9303970336914 41200
1665005541227 69.3109359741211 41300
1665005541267 71.56087493896484 41400
1665005541308 72.01676940917969 41500
1665005541353 78.96951293945312 41600
1665005541391 76.06950378417969 41700
1665005541437 72.49637603759766 41800
1665005541477 72.34468078613281 41900
1665005541513 71.38633728027344 42000
1665005541559 77.08537292480469 42100
1665005541599 74.40835571289062 42200
1665005541643 76.95214080810547 42300
1665005541684 79.15144348144531 42400
1665005541723 77.623046875 42500
1665005541766 77.2463607788086 42600
1665005541806 79.63209533691406 42700
1665005541850 77.612060546875 42800
1665005541886 75.47181701660156 42900
1665005541923 76.76231384277344 43000
1665005541966 78.91490173339844 43100
1665005542008 79.41529846191406 43200
1665005542044 77.92434692382812 43300
1665005542086 77.3836898803711 43400
1665005542126 72.56893920898438 43500
1665005542169 79.9967041015625 43600
1665005542205 75.59617614746094 43700
1665005542245 81.15982055664062 43800
1665005542284 80.78579711914062 43900
1665005542332 79.36774444580078 44000
1665005542379 78.73143768310547 44100
1665005542413 79.73062896728516 44200
1665005542462 78.62681579589844 44300
1665005542502 81.20231628417969 44400
1665005542539 79.37965393066406 44500
1665005542578 82.72380828857422 44600
1665005542618 83.3149642944336 44700
1665005542659 83.304443359375 44800
1665005542700 81.64741516113281 44900
1665005542739 82.8411636352539 45000
1665005542785 81.98126983642578 45100
1665005542822 84.16704559326172 45200
1665005542864 86.33146667480469 45300
1665005542903 82.50946807861328 45400
1665005542941 79.35684204101562 45500
1665005542983 84.04938507080078 45600
1665005543023 85.58189392089844 45700
1665005543065 85.18206787109375 45800
1665005543102 87.69252014160156 45900
1665005543145 79.49202728271484 46000
1665005543190 85.24290466308594 46100
1665005543229 84.10417175292969 46200
1665005543268 84.19364929199219 46300
1665005543306 86.85832214355469 46400
1665005543349 85.86178588867188 46500
1665005543391 82.61088562011719 46600
1665005543428 84.99252319335938 46700
1665005543467 82.29521942138672 46800
1665005543505 83.76364135742188 46900
1665005543546 86.5367660522461 47000
1665005543589 87.86492156982422 47100
1665005543624 91.36135864257812 47200
1665005543663 91.42356872558594 47300
1665005543704 88.46334838867188 47400
1665005543741 87.71047973632812 47500
1665005543782 92.0980224609375 47600
1665005543820 91.15258026123047 47700
1665005543870 90.34555053710938 47800
1665005543913 88.74142456054688 47900
1665005543952 89.05209350585938 48000
1665005543990 90.81709289550781 48100
1665005544025 88.81752014160156 48200
1665005544066 86.70206451416016 48300
1665005544106 89.03085327148438 48400
1665005544146 91.59473419189453 48500
1665005544191 88.82673645019531 48600
1665005544235 93.70748901367188 48700
1665005544272 86.55040740966797 48800
1665005544317 91.74720764160156 48900
1665005544366 94.25137329101562 49000
1665005544412 93.6527099609375 49100
1665005544453 92.33563995361328 49200
1665005544501 89.13642120361328 49300
1665005544541 94.90962219238281 49400
1665005544581 92.49763488769531 49500
1665005544627 95.6447982788086 49600
1665005544665 95.51841735839844 49700
1665005544715 95.66535949707031 49800
1665005544761 89.7371597290039 49900
1665005544805 99.28358459472656 50000
1665005544850 96.3790283203125 50100
1665005544890 98.28996276855469 50200
1665005544934 94.66130828857422 50300
1665005544972 89.54469299316406 50400
1665005545008 92.87981414794922 50500
1665005545055 97.42341613769531 50600
1665005545098 98.17266845703125 50700
1665005545136 97.57981872558594 50800
1665005545175 97.56157684326172 50900
1665005545214 94.28286743164062 51000
1665005545251 99.56423950195312 51100
1665005545290 91.07133483886719 51200
1665005545337 99.08734130859375 51300
1665005545376 98.10682678222656 51400
1665005545420 94.77513122558594 51500
1665005545470 98.56661987304688 51600
1665005545510 100.20834350585938 51700
1665005545555 94.15290069580078 51800
1665005545596 96.50910949707031 51900
1665005545640 97.39373779296875 52000
1665005545679 98.95185089111328 52100
1665005545720 103.13227081298828 52200
1665005545762 99.21841430664062 52300
1665005545800 100.31712341308594 52400
1665005545848 103.07737731933594 52500
1665005545885 100.35245513916016 52600
1665005545923 103.1685562133789 52700
1665005545965 102.4485092163086 52800
1665005546004 101.42686462402344 52900
1665005546046 101.35658264160156 53000
1665005546090 107.82829284667969 53100
1665005546127 105.072021484375 53200
1665005546170 100.64854431152344 53300
1665005546213 102.79635620117188 53400
1665005546256 103.10438537597656 53500
1665005546297 102.27872467041016 53600
1665005546337 106.18031311035156 53700
1665005546383 105.91355895996094 53800
1665005546423 101.96464538574219 53900
1665005546465 100.1625747680664 54000
1665005546507 106.01097869873047 54100
1665005546544 98.84034729003906 54200
1665005546592 104.30715942382812 54300
1665005546632 103.05587005615234 54400
1665005546676 102.27802276611328 54500
1665005546717 109.48441314697266 54600
1665005546751 112.69369506835938 54700
1665005546794 106.43746948242188 54800
1665005546839 106.7123031616211 54900
1665005546881 105.42417907714844 55000
1665005546914 112.78526306152344 55100
1665005546954 103.42070007324219 55200
1665005546997 109.77616882324219 55300
1665005547037 108.0077133178711 55400
1665005547080 108.03572845458984 55500
1665005547121 110.05856323242188 55600
1665005547159 109.45359802246094 55700
1665005547202 112.36766815185547 55800
1665005547240 110.247314453125 55900
1665005547283 104.42465209960938 56000
1665005547327 110.05572509765625 56100
1665005547368 107.24267578125 56200
1665005547414 109.04305267333984 56300
1665005547451 109.0280990600586 56400
1665005547489 110.84989929199219 56500
1665005547529 107.0001220703125 56600
1665005547573 104.00756072998047 56700
1665005547607 111.18634033203125 56800
1665005547647 108.37066650390625 56900
1665005547689 107.58292388916016 57000
1665005547730 107.93104553222656 57100
1665005547768 105.56903839111328 57200
1665005547815 112.45391082763672 57300
1665005547860 108.9110336303711 57400
1665005547903 104.4603500366211 57500
1665005547939 109.92033386230469 57600
1665005547978 110.42560577392578 57700
1665005548024 112.76505279541016 57800
1665005548062 108.2403564453125 57900
1665005548107 113.18487548828125 58000
1665005548142 111.91352844238281 58100
1665005548184 116.55523681640625 58200
1665005548227 109.30018615722656 58300
1665005548266 110.14401245117188 58400
1665005548307 111.58702087402344 58500
1665005548352 114.103759765625 58600
1665005548391 112.00269317626953 58700
1665005548432 115.30912780761719 58800
1665005548474 113.55424499511719 58900
1665005548513 110.48230743408203 59000
1665005548555 113.47613525390625 59100
1665005548599 115.65483093261719 59200
1665005548642 116.34083557128906 59300
1665005548680 115.01921844482422 59400
1665005548730 118.33149719238281 59500
1665005548770 120.93527221679688 59600
1665005548813 111.95471954345703 59700
1665005548858 114.49767303466797 59800
1665005548897 114.17731475830078 59900
1665005548936 115.214599609375 60000
1665005548978 112.76217651367188 60100
1665005549017 121.32881927490234 60200
1665005549057 115.60894775390625 60300
1665005549094 114.08909606933594 60400
1665005549130 114.152099609375 60500
1665005549174 116.20701599121094 60600
1665005549217 116.88597869873047 60700
1665005549257 119.96552276611328 60800
1665005549294 116.07716369628906 60900
1665005549338 117.5154037475586 61000
1665005549377 118.32894897460938 61100
1665005549418 122.07331085205078 61200
1665005549456 117.88302612304688 61300
1665005549499 117.53285217285156 61400
1665005549543 123.98212432861328 61500
1665005549587 119.18258666992188 61600
1665005549628 121.32591247558594 61700
1665005549667 123.02698516845703 61800
1665005549702 122.64727783203125 61900
1665005549746 124.58512878417969 62000
1665005549791 125.93423461914062 62100
1665005549834 119.77413940429688 62200
1665005549874 123.40782928466797 62300
1665005549914 127.23237609863281 62400
1665005549956 122.47941589355469 62500
1665005550000 118.65985870361328 62600
1665005550040 122.3536376953125 62700
1665005550079 120.78472900390625 62800
1665005550121 118.68982696533203 62900
1665005550159 121.93000793457031 63000
1665005550202 118.3799819946289 63100
1665005550245 128.90489196777344 63200
1665005550284 122.67142486572266 63300
1665005550332 126.30782318115234 63400
1665005550374 125.58793640136719 63500
1665005550412 122.52336120605469 63600
1665005550453 118.49598693847656 63700
1665005550498 124.69590759277344 63800
1665005550541 121.03738403320312 63900
1665005550583 124.58134460449219 64000
1665005550618 123.92756652832031 64100
1665005550656 128.35455322265625 64200
1665005550695 126.13664245605469 64300
1665005550737 129.42398071289062 64400
1665005550778 123.2621841430664 64500
1665005550818 122.1045150756836 64600
1665005550863 124.64358520507812 64700
1665005550898 127.7110595703125 64800
1665005550938 122.46085357666016 64900
1665005550979 122.76636505126953 65000
1665005551022 125.7757797241211 65100
1665005551065 123.46405029296875 65200
1665005551105 124.60476684570312 65300
1665005551148 128.77261352539062 65400
1665005551189 120.69393920898438 65500
1665005551227 127.31885528564453 65600
1665005551268 125.30732727050781 65700
1665005551305 126.57450866699219 65800
1665005551349 128.30224609375 65900
1665005551390 126.05455780029297 66000
1665005551433 127.43933868408203 66100
1665005551473 128.27212524414062 66200
1665005551508 127.03977966308594 66300
1665005551553 127.0601806640625 66400
1665005551596 120.66390991210938 66500
1665005551635 124.46137237548828 66600
1665005551677 129.70904541015625 66700
1665005551720 128.44076538085938 66800
1665005551762 128.7064208984375 66900
1665005551809 126.69232177734375 67000
1665005551853 131.42257690429688 67100
1665005551902 129.68768310546875 67200
1665005551942 121.0838851928711 67300
1665005551985 123.55331420898438 67400
1665005552027 128.66217041015625 67500
1665005552065 128.05850219726562 67600
1665005552104 121.38191223144531 67700
1665005552142 127.54055786132812 67800
1665005552184 126.58062744140625 67900
1665005552226 131.0283203125 68000
1665005552267 125.958984375 68100
1665005552312 130.53733825683594 68200
1665005552358 123.34620666503906 68300
1665005552401 125.49031066894531 68400
1665005552440 124.33940124511719 68500
1665005552488 124.09805297851562 68600
1665005552527 131.97271728515625 68700
1665005552568 126.18002319335938 68800
1665005552613 123.90264129638672 68900
1665005552653 126.50450134277344 69000
1665005552696 130.80929565429688 69100
1665005552741 133.27325439453125 69200
1665005552781 135.52365112304688 69300
1665005552820 126.4630355834961 69400
1665005552867 133.78759765625 69500
1665005552911 130.12484741210938 69600
1665005552945 131.55274963378906 69700
1665005552991 128.7615966796875 69800
1665005553032 127.49092864990234 69900
1665005553074 135.71209716796875 70000
1665005553111 131.27626037597656 70100
1665005553153 127.96409606933594 70200
1665005553196 130.78273010253906 70300
1665005553241 129.4151611328125 70400
1665005553282 132.5888671875 70500
1665005553330 130.5205841064453 70600
1665005553385 131.07156372070312 70700
1665005553427 130.8311309814453 70800
1665005553467 132.00193786621094 70900
1665005553507 130.7508544921875 71000
1665005553549 132.6474609375 71100
1665005553588 133.62232971191406 71200
1665005553628 132.09710693359375 71300
1665005553676 130.9580841064453 71400
1665005553713 130.72064208984375 71500
1665005553756 130.90093994140625 71600
1665005553795 139.0185089111328 71700
1665005553835 132.089111328125 71800
1665005553877 131.9872589111328 71900
1665005553916 131.14083862304688 72000
1665005553956 131.8019561767578 72100
1665005553998 128.16688537597656 72200
1665005554037 134.19007873535156 72300
1665005554076 133.78265380859375 72400
1665005554111 132.58914184570312 72500
1665005554160 136.4807891845703 72600
1665005554203 130.2270965576172 72700
1665005554248 131.49020385742188 72800
1665005554282 131.75527954101562 72900
1665005554326 126.29974365234375 73000
1665005554371 135.298095703125 73100
1665005554407 132.4336395263672 73200
1665005554450 136.91351318359375 73300
1665005554494 140.1321258544922 73400
1665005554536 136.61618041992188 73500
1665005554580 135.01242065429688 73600
1665005554623 141.60342407226562 73700
1665005554673 131.97789001464844 73800
1665005554716 140.89846801757812 73900
1665005554754 133.57766723632812 74000
1665005554796 132.44631958007812 74100
1665005554840 136.95875549316406 74200
1665005554881 136.00289916992188 74300
1665005554924 134.4081573486328 74400
1665005554971 127.84485626220703 74500
1665005555012 139.9303741455078 74600
1665005555055 137.46107482910156 74700
1665005555094 138.18899536132812 74800
1665005555137 136.89283752441406 74900
1665005555178 133.18795776367188 75000
1665005555221 136.8246612548828 75100
1665005555266 138.47378540039062 75200
1665005555308 134.37164306640625 75300
1665005555352 137.57354736328125 75400
1665005555400 132.18350219726562 75500
1665005555445 133.46963500976562 75600
1665005555487 144.07815551757812 75700
1665005555534 141.68116760253906 75800
1665005555573 137.0185546875 75900
1665005555619 137.4940643310547 76000
1665005555662 137.42385864257812 76100
1665005555704 144.7641143798828 76200
1665005555740 143.42941284179688 76300
1665005555788 138.0520477294922 76400
1665005555829 144.50933837890625 76500
1665005555870 134.78782653808594 76600
1665005555913 137.67584228515625 76700
1665005555949 144.47982788085938 76800
1665005555992 141.46946716308594 76900
1665005556031 142.05322265625 77000
1665005556072 142.14859008789062 77100
1665005556113 145.50106811523438 77200
1665005556149 138.6422882080078 77300
1665005556187 141.75863647460938 77400
1665005556225 143.04067993164062 77500
1665005556261 143.19964599609375 77600
1665005556308 141.53134155273438 77700
1665005556350 143.93167114257812 77800
1665005556397 144.8367156982422 77900
1665005556441 140.74066162109375 78000
1665005556481 141.0830078125 78100
1665005556528 133.8328857421875 78200
1665005556570 145.32025146484375 78300
1665005556616 142.88995361328125 78400
1665005556657 144.38540649414062 78500
1665005556707 143.51528930664062 78600
1665005556752 133.40721130371094 78700
1665005556796 138.38186645507812 78800
1665005556844 145.76318359375 78900
1665005556880 134.76644897460938 79000
1665005556928 143.20863342285156 79100
1665005556970 143.6071014404297 79200
1665005557016 144.3347930908203 79300
1665005557054 141.86624145507812 79400
1665005557099 140.7448272705078 79500
1665005557142 143.55819702148438 79600
1665005557184 145.09442138671875 79700
1665005557225 145.09185791015625 79800
1665005557265 152.07040405273438 79900
1665005557306 144.40567016601562 80000
1665005557352 139.64532470703125 80100
1665005557393 146.95875549316406 80200
1665005557434 146.31675720214844 80300
1665005557476 149.19650268554688 80400
1665005557516 142.816650390625 80500
1665005557555 140.7172088623047 80600
1665005557597 143.77671813964844 80700
1665005557636 145.650146484375 80800
1665005557678 136.5248260498047 80900
1665005557724 146.17520141601562 81000
1665005557768 153.5037384033203 81100
1665005557810 144.69204711914062 81200
1665005557860 146.65611267089844 81300
1665005557900 144.46005249023438 81400
1665005557945 147.56057739257812 81500
1665005557995 144.89816284179688 81600
1665005558039 144.78187561035156 81700
1665005558079 149.67001342773438 81800
1665005558123 150.34762573242188 81900
1665005558166 142.84716796875 82000
1665005558211 144.86338806152344 82100
1665005558253 144.35302734375 82200
1665005558301 150.52999877929688 82300
1665005558347 150.93359375 82400
1665005558388 143.17747497558594 82500
1665005558432 148.52853393554688 82600
1665005558477 142.46664428710938 82700
1665005558521 148.9108428955078 82800
1665005558561 144.35427856445312 82900
1665005558603 145.70751953125 83000
1665005558640 140.5186767578125 83100
1665005558681 147.57376098632812 83200
1665005558725 150.91851806640625 83300
1665005558776 143.53897094726562 83400
1665005558814 139.7317657470703 83500
1665005558862 148.89891052246094 83600
1665005558904 146.74884033203125 83700
1665005558947 146.28639221191406 83800
1665005558994 143.26678466796875 83900
1665005559032 149.77688598632812 84000
1665005559077 144.4376220703125 84100
1665005559121 149.86798095703125 84200
1665005559161 145.088623046875 84300
1665005559209 149.2039794921875 84400
1665005559247 146.3506622314453 84500
1665005559292 147.5528564453125 84600
1665005559345 150.69900512695312 84700
1665005559392 147.94989013671875 84800
1665005559434 143.17584228515625 84900
1665005559476 144.31549072265625 85000
1665005559530 151.346923828125 85100
1665005559569 148.27099609375 85200
1665005559614 149.66864013671875 85300
1665005559652 145.87277221679688 85400
1665005559700 148.7479705810547 85500
1665005559755 147.53138732910156 85600
1665005559797 145.34674072265625 85700
1665005559847 153.33297729492188 85800
1665005559897 143.57040405273438 85900
1665005559937 147.98532104492188 86000
1665005559981 146.92391967773438 86100
1665005560028 142.89016723632812 86200
1665005560074 152.18084716796875 86300
1665005560116 145.084716796875 86400
1665005560154 144.5929412841797 86500
1665005560201 155.0086669921875 86600
1665005560239 145.46926879882812 86700
1665005560278 148.32269287109375 86800
1665005560325 157.08367919921875 86900
1665005560367 141.7837371826172 87000
1665005560412 140.8839569091797 87100
1665005560456 150.73890686035156 87200
1665005560498 153.09072875976562 87300
1665005560540 149.15704345703125 87400
1665005560582 154.77517700195312 87500
1665005560626 152.77047729492188 87600
1665005560674 146.14161682128906 87700
1665005560720 150.46051025390625 87800
1665005560766 147.64608764648438 87900
1665005560808 153.1390380859375 88000
1665005560853 152.97584533691406 88100
1665005560889 154.93820190429688 88200
1665005560925 156.84677124023438 88300
1665005560966 151.83067321777344 88400
1665005561005 150.73361206054688 88500
1665005561043 154.3291473388672 88600
1665005561083 152.7662353515625 88700
1665005561116 142.92303466796875 88800
1665005561163 155.77490234375 88900
1665005561204 149.25869750976562 89000
1665005561248 153.64349365234375 89100
1665005561288 148.95864868164062 89200
1665005561333 152.01763916015625 89300
1665005561380 149.08389282226562 89400
1665005561421 151.50100708007812 89500
1665005561465 157.264892578125 89600
1665005561511 150.72335815429688 89700
1665005561555 151.75970458984375 89800
1665005561608 151.47463989257812 89900
1665005561650 152.89503479003906 90000
1665005561695 147.52125549316406 90100
1665005561731 147.6856689453125 90200
1665005561774 155.04885864257812 90300
1665005561820 154.53785705566406 90400
1665005561860 150.24981689453125 90500
1665005561909 155.97723388671875 90600
1665005561946 151.9580078125 90700
1665005561991 152.3946533203125 90800
1665005562037 149.21343994140625 90900
1665005562081 143.4324493408203 91000
1665005562122 154.80117797851562 91100
1665005562163 148.95973205566406 91200
1665005562206 148.4202880859375 91300
1665005562251 153.04898071289062 91400
1665005562294 150.316162109375 91500
1665005562339 158.49432373046875 91600
1665005562385 148.8756561279297 91700
1665005562426 152.49945068359375 91800
1665005562472 151.74752807617188 91900
1665005562516 153.14987182617188 92000
1665005562561 162.35011291503906 92100
1665005562602 146.64907836914062 92200
1665005562648 154.6643829345703 92300
1665005562688 157.13018798828125 92400
1665005562737 158.02749633789062 92500
1665005562780 158.42538452148438 92600
1665005562827 156.62240600585938 92700
1665005562868 152.16183471679688 92800
1665005562910 152.74642944335938 92900
1665005562950 156.3768310546875 93000
1665005562999 147.58505249023438 93100
1665005563040 155.33453369140625 93200
1665005563085 159.18939208984375 93300
1665005563132 161.47909545898438 93400
1665005563180 160.89358520507812 93500
1665005563225 156.3863983154297 93600
1665005563269 157.8234100341797 93700
1665005563318 149.07412719726562 93800
1665005563361 161.58746337890625 93900
1665005563404 153.57901000976562 94000
1665005563454 155.23605346679688 94100
1665005563497 149.03680419921875 94200
1665005563541 150.69772338867188 94300
1665005563584 157.76036071777344 94400
1665005563635 154.09112548828125 94500
1665005563676 149.1444549560547 94600
1665005563724 151.29942321777344 94700
1665005563767 154.43630981445312 94800
1665005563813 158.1815185546875 94900
1665005563868 149.19625854492188 95000
1665005563916 155.79539489746094 95100
1665005563957 151.4556427001953 95200
1665005564000 161.249755859375 95300
1665005564041 154.8147430419922 95400
1665005564086 156.82534790039062 95500
1665005564135 157.69981384277344 95600
1665005564175 156.99911499023438 95700
1665005564215 155.386962890625 95800
1665005564263 158.51222229003906 95900
1665005564316 152.51907348632812 96000
1665005564367 159.56112670898438 96100
1665005564412 161.38021850585938 96200
1665005564454 155.3213653564453 96300
1665005564504 159.3112335205078 96400
1665005564553 160.12525939941406 96500
1665005564599 154.16748046875 96600
1665005564641 163.1397705078125 96700
1665005564688 157.5252227783203 96800
1665005564730 153.21136474609375 96900
1665005564788 158.14303588867188 97000
1665005564837 163.86314392089844 97100
1665005564879 159.0949249267578 97200
1665005564920 163.9612274169922 97300
1665005564967 157.5168914794922 97400
1665005565008 165.29583740234375 97500
1665005565052 171.61593627929688 97600
1665005565101 158.4251708984375 97700
1665005565146 166.6720428466797 97800
1665005565187 162.3716583251953 97900
1665005565228 163.1570281982422 98000
1665005565271 157.12623596191406 98100
1665005565321 159.67941284179688 98200
1665005565365 169.10284423828125 98300
1665005565410 163.2671661376953 98400
1665005565453 162.19708251953125 98500
1665005565495 157.73077392578125 98600
1665005565536 163.01168823242188 98700
1665005565577 164.9224090576172 98800
1665005565626 167.09567260742188 98900
1665005565679 152.84095764160156 99000
1665005565733 160.15150451660156 99100
1665005565774 169.15582275390625 99200
1665005565823 163.76602172851562 99300
1665005565870 160.0823516845703 99400
1665005565917 163.86068725585938 99500
1665005565955 160.01715087890625 99600
1665005566000 164.2825927734375 99700
1665005566047 163.73912048339844 99800
1665005566093 163.45382690429688 99900
1665005566140 166.51466369628906 100000
1665005566179 167.5845184326172 100100
1665005566233 164.1982421875 100200
1665005566273 166.05694580078125 100300
1665005566319 167.89788818359375 100400
1665005566363 154.74923706054688 100500
1665005566409 168.85731506347656 100600
1665005566453 178.17788696289062 100700
1665005566498 151.23199462890625 100800
1665005566543 164.62701416015625 100900
1665005566596 165.1522216796875 101000
1665005566643 167.45919799804688 101100
1665005566692 164.0595703125 101200
1665005566743 164.72177124023438 101300
1665005566787 160.06732177734375 101400
1665005566835 164.9359130859375 101500
1665005566878 171.43270874023438 101600
1665005566922 162.87545776367188 101700
1665005566968 169.6959991455078 101800
1665005567013 173.402099609375 101900
1665005567062 178.1070556640625 102000
1665005567110 173.216552734375 102100
1665005567157 167.58499145507812 102200
1665005567196 174.19644165039062 102300
1665005567247 179.91738891601562 102400
1665005567295 167.5067901611328 102500
1665005567345 170.2071533203125 102600
1665005567394 169.62826538085938 102700
1665005567446 176.14370727539062 102800
1665005567494 173.59579467773438 102900
1665005567542 180.42991638183594 103000
1665005567586 170.21969604492188 103100
1665005567634 170.6572723388672 103200
1665005567683 177.3380126953125 103300
1665005567730 170.29910278320312 103400
1665005567779 171.06283569335938 103500
1665005567823 167.48870849609375 103600
1665005567871 173.64358520507812 103700
1665005567921 178.80250549316406 103800
1665005567971 173.3634796142578 103900
1665005568013 181.20724487304688 104000
1665005568053 190.7193145751953 104100
1665005568094 169.1192626953125 104200
1665005568140 178.01263427734375 104300
1665005568183 175.06594848632812 104400
1665005568230 177.87893676757812 104500
1665005568277 179.53054809570312 104600
1665005568326 181.80723571777344 104700
1665005568370 183.77342224121094 104800
1665005568414 178.3607177734375 104900
1665005568463 180.50552368164062 105000
1665005568518 175.90818786621094 105100
1665005568566 176.2782745361328 105200
1665005568615 169.37489318847656 105300
1665005568662 184.25286865234375 105400
1665005568707 177.47032165527344 105500
1665005568751 187.67869567871094 105600
1665005568796 184.51873779296875 105700
1665005568845 179.89605712890625 105800
1665005568893 179.04403686523438 105900
1665005568933 183.36070251464844 106000
1665005568972 176.43490600585938 106100
1665005569012 183.91387939453125 106200
1665005569055 188.9150390625 106300
1665005569098 178.5375213623047 106400
1665005569137 173.2044677734375 106500
1665005569184 191.09893798828125 106600
1665005569230 183.49940490722656 106700
1665005569275 184.8100128173828 106800
1665005569323 181.55255126953125 106900
1665005569365 189.46395874023438 107000
1665005569409 177.1094512939453 107100
1665005569454 180.47506713867188 107200
1665005569502 179.6551055908203 107300
1665005569545 186.81597900390625 107400
1665005569586 176.25823974609375 107500
1665005569636 185.538330078125 107600
1665005569677 179.69117736816406 107700
1665005569724 181.95716857910156 107800
1665005569767 182.93255615234375 107900
1665005569821 187.56797790527344 108000
1665005569869 184.10293579101562 108100
1665005569910 180.380126953125 108200
1665005569953 194.21888732910156 108300
1665005569997 177.29989624023438 108400
1665005570042 185.36245727539062 108500
1665005570089 190.52247619628906 108600
1665005570135 183.6585235595703 108700
1665005570182 192.38543701171875 108800
1665005570233 181.46923828125 108900
1665005570280 183.75621032714844 109000
1665005570325 196.4832305908203 109100
1665005570381 180.544677734375 109200
1665005570425 174.6505584716797 109300
1665005570463 177.83433532714844 109400
1665005570505 174.17823791503906 109500
1665005570553 181.45326232910156 109600
1665005570604 192.17120361328125 109700
1665005570651 185.4169158935547 109800
1665005570693 183.51638793945312 109900
1665005570736 177.1957244873047 110000
1665005570779 172.32269287109375 110100
1665005570827 185.61868286132812 110200
1665005570877 190.2327880859375 110300
1665005570925 190.98989868164062 110400
1665005570970 189.23268127441406 110500
1665005571018 184.95533752441406 110600
1665005571061 185.65890502929688 110700
1665005571107 182.4608917236328 110800
1665005571156 183.05325317382812 110900
1665005571207 185.11343383789062 111000
1665005571253 191.7667694091797 111100
1665005571303 178.58782958984375 111200
1665005571351 193.9907989501953 111300
1665005571395 188.8767547607422 111400
1665005571442 173.42005920410156 111500
1665005571494 193.576171875 111600
1665005571539 184.92953491210938 111700
1665005571582 179.4527130126953 111800
1665005571630 178.73475646972656 111900
1665005571673 189.62916564941406 112000
1665005571721 192.66259765625 112100
1665005571761 190.0963897705078 112200
1665005571811 184.65164184570312 112300
1665005571871 196.26556396484375 112400
1665005571918 183.61004638671875 112500
1665005571964 182.9848175048828 112600
1665005572014 190.86163330078125 112700
1665005572062 189.075439453125 112800
1665005572102 191.52308654785156 112900
1665005572143 195.67532348632812 113000
1665005572190 189.8318634033203 113100
1665005572233 175.73370361328125 113200
1665005572274 184.13946533203125 113300
1665005572331 195.17657470703125 113400
1665005572379 190.88790893554688 113500
1665005572425 186.14096069335938 113600
1665005572476 196.7095947265625 113700
1665005572524 184.6358642578125 113800
1665005572571 193.489013671875 113900
1665005572614 185.1832275390625 114000
1665005572661 177.95468139648438 114100
1665005572707 186.4429931640625 114200
1665005572752 191.9328155517578 114300
1665005572806 196.95364379882812 114400
1665005572850 176.62123107910156 114500
1665005572894 196.14358520507812 114600
1665005572937 173.48744201660156 114700
1665005572976 189.0065155029297 114800
1665005573027 189.2904052734375 114900
1665005573080 190.70806884765625 115000
1665005573126 200.47317504882812 115100
1665005573172 190.11578369140625 115200
1665005573217 189.0184326171875 115300
1665005573261 189.02418518066406 115400
1665005573313 178.69790649414062 115500
1665005573363 188.4828338623047 115600
1665005573413 191.31546020507812 115700
1665005573457 177.88201904296875 115800
1665005573505 203.58187866210938 115900
1665005573548 188.5704345703125 116000
1665005573596 196.61788940429688 116100
1665005573638 189.2560577392578 116200
1665005573681 197.74307250976562 116300
1665005573729 182.5077362060547 116400
1665005573781 197.70338439941406 116500
1665005573826 190.12460327148438 116600
1665005573874 181.6540985107422 116700
1665005573921 182.34405517578125 116800
1665005573969 184.0931396484375 116900
1665005574018 190.5865478515625 117000
1665005574064 188.92840576171875 117100
1665005574107 191.94094848632812 117200
1665005574147 188.6837615966797 117300
1665005574190 177.65255737304688 117400
1665005574234 196.45599365234375 117500
1665005574281 199.96673583984375 117600
1665005574328 185.73550415039062 117700
1665005574377 191.49420166015625 117800
1665005574427 194.54013061523438 117900
1665005574470 186.05926513671875 118000
1665005574514 192.995361328125 118100
1665005574566 186.2871551513672 118200
1665005574613 203.9091033935547 118300
1665005574660 191.75241088867188 118400
1665005574708 186.08642578125 118500
1665005574752 188.12954711914062 118600
1665005574797 195.56507873535156 118700
1665005574843 182.6546173095703 118800
1665005574894 188.0635223388672 118900
1665005574937 197.88775634765625 119000
1665005574979 186.19361877441406 119100
1665005575022 181.61790466308594 119200
1665005575069 187.40310668945312 119300
1665005575115 180.75491333007812 119400
1665005575165 182.17758178710938 119500
1665005575208 196.35879516601562 119600
1665005575256 186.26063537597656 119700
1665005575298 189.97373962402344 119800
1665005575347 181.54147338867188 119900
1665005575393 185.47540283203125 120000
1665005575433 188.2917938232422 120100
1665005575483 190.22671508789062 120200
1665005575523 181.96902465820312 120300
1665005575574 192.685546875 120400
1665005575617 171.92347717285156 120500
1665005575659 191.43939208984375 120600
1665005575702 192.5256805419922 120700
1665005575745 183.10589599609375 120800
1665005575788 183.04013061523438 120900
1665005575828 192.73512268066406 121000
1665005575871 185.90386962890625 121100
1665005575917 193.51776123046875 121200
1665005575956 191.22259521484375 121300
1665005575997 180.03323364257812 121400
1665005576039 188.30662536621094 121500
1665005576081 194.31678771972656 121600
1665005576121 190.70037841796875 121700
1665005576165 189.9104461669922 121800
1665005576208 181.01504516601562 121900
1665005576255 187.49172973632812 122000
1665005576303 188.2913818359375 122100
1665005576355 192.16473388671875 122200
1665005576399 175.01412963867188 122300
1665005576441 186.97073364257812 122400
1665005576484 181.33984375 122500
1665005576528 181.83114624023438 122600
1665005576571 194.4808807373047 122700
1665005576617 182.40774536132812 122800
1665005576656 186.83302307128906 122900
1665005576696 186.95944213867188 123000
1665005576737 172.1688995361328 123100
1665005576785 177.31021118164062 123200
1665005576829 182.13592529296875 123300
1665005576869 194.7463836669922 123400
1665005576916 191.2848663330078 123500
1665005576955 189.8592987060547 123600
1665005576998 181.3572998046875 123700
1665005577045 189.79296875 123800
1665005577085 192.95904541015625 123900
1665005577130 178.96348571777344 124000
1665005577171 191.01193237304688 124100
1665005577217 180.394775390625 124200
1665005577258 178.03253173828125 124300
1665005577300 177.83505249023438 124400
1665005577349 181.50653076171875 124500
1665005577389 184.46681213378906 124600
1665005577431 182.96131896972656 124700
1665005577475 183.94595336914062 124800
1665005577516 189.27908325195312 124900
1665005577562 184.84805297851562 125000
1665005577607 179.47091674804688 125100
1665005577651 201.19418334960938 125200
1665005577698 186.16690063476562 125300
1665005577748 179.04397583007812 125400
1665005577802 168.11802673339844 125500
1665005577846 178.30990600585938 125600
1665005577891 167.85589599609375 125700
1665005577943 171.88381958007812 125800
1665005577990 193.77664184570312 125900
1665005578035 169.46511840820312 126000
1665005578076 176.88406372070312 126100
1665005578123 177.56686401367188 126200
1665005578164 169.54428100585938 126300
1665005578205 176.58773803710938 126400
1665005578246 173.81541442871094 126500
1665005578287 181.78643798828125 126600
1665005578333 185.04119873046875 126700
1665005578377 175.25747680664062 126800
1665005578416 173.27882385253906 126900
1665005578465 173.96946716308594 127000
1665005578506 169.9427490234375 127100
1665005578545 177.022216796875 127200
1665005578589 164.38145446777344 127300
1665005578632 167.0059814453125 127400
1665005578680 178.36224365234375 127500
1665005578722 168.52410888671875 127600
1665005578761 163.61813354492188 127700
1665005578801 170.64743041992188 127800
1665005578846 166.30429077148438 127900
1665005578893 177.44351196289062 128000
1665005578933 173.316162109375 128100
1665005578981 178.01904296875 128200
1665005579025 175.73141479492188 128300
1665005579070 168.23855590820312 128400
1665005579116 168.80215454101562 128500
1665005579160 171.71029663085938 128600
1665005579204 169.4378662109375 128700
1665005579250 170.5502166748047 128800
1665005579294 179.49404907226562 128900
1665005579343 169.98727416992188 129000
1665005579385 160.037353515625 129100
1665005579428 169.70468139648438 129200
1665005579473 174.86302185058594 129300
1665005579511 159.1138153076172 129400
1665005579557 169.58758544921875 129500
1665005579604 157.7267608642578 129600
1665005579647 174.88623046875 129700
1665005579694 172.10118103027344 129800
1665005579737 176.4974365234375 129900
1665005579777 178.96450805664062 130000
1665005579820 175.54388427734375 130100
1665005579865 174.87033081054688 130200
1665005579907 160.6021728515625 130300
1665005579950 176.30364990234375 130400
1665005579990 165.2662353515625 130500
1665005580029 185.9583282470703 130600
1665005580068 177.95828247070312 130700
1665005580113 163.95797729492188 130800
1665005580151 166.52957153320312 130900
1665005580193 170.47702026367188 131000
1665005580238 167.73194885253906 131100
1665005580279 176.97232055664062 131200
1665005580322 171.83071899414062 131300
1665005580365 161.72406005859375 131400
1665005580406 172.364990234375 131500
1665005580446 179.5479278564453 131600
1665005580489 169.45257568359375 131700
1665005580531 179.61605834960938 131800
1665005580572 177.20046997070312 131900
1665005580617 180.98550415039062 132000
1665005580662 170.99276733398438 132100
1665005580706 174.60765075683594 132200
1665005580748 174.03036499023438 132300
1665005580790 167.093505859375 132400
1665005580832 179.79074096679688 132500
1665005580874 170.1007537841797 132600
1665005580917 161.47311401367188 132700
1665005580959 175.05191040039062 132800
1665005581001 174.02154541015625 132900
1665005581043 176.33502197265625 133000
1665005581086 175.29071044921875 133100
1665005581131 181.07217407226562 133200
1665005581171 179.15159606933594 133300
1665005581215 177.73971557617188 133400
1665005581259 181.65939331054688 133500
1665005581302 180.75006103515625 133600
1665005581348 175.52378845214844 133700
1665005581394 175.923828125 133800
1665005581439 181.50794982910156 133900
1665005581481 184.90989685058594 134000
1665005581522 195.69570922851562 134100
1665005581563 173.776611328125 134200
1665005581610 174.56283569335938 134300
1665005581654 182.93209838867188 134400
1665005581697 179.90396118164062 134500
1665005581740 171.1190185546875 134600
1665005581784 183.14451599121094 134700
1665005581830 172.11697387695312 134800
1665005581875 175.81585693359375 134900
1665005581917 180.1558380126953 135000
1665005581963 181.29978942871094 135100
1665005582005 179.9356231689453 135200
1665005582048 174.71664428710938 135300
1665005582091 181.58251953125 135400
1665005582135 194.94342041015625 135500
1665005582181 187.92300415039062 135600
1665005582226 183.25405883789062 135700
1665005582269 191.3706512451172 135800
1665005582311 186.58424377441406 135900
1665005582357 181.00027465820312 136000
1665005582396 182.66790771484375 136100
1665005582438 189.2638702392578 136200
1665005582483 182.40948486328125 136300
1665005582525 180.76953125 136400
1665005582567 191.51849365234375 136500
1665005582609 192.29705810546875 136600
1665005582655 192.87161254882812 136700
1665005582696 175.9397735595703 136800
1665005582739 190.25503540039062 136900
1665005582780 182.38021850585938 137000
1665005582825 196.42428588867188 137100
1665005582871 193.23239135742188 137200
1665005582913 192.37030029296875 137300
1665005582956 192.8433837890625 137400
1665005582999 194.12478637695312 137500
1665005583042 191.20108032226562 137600
1665005583085 187.893310546875 137700
1665005583129 198.03622436523438 137800
1665005583172 192.75428771972656 137900
1665005583212 190.81756591796875 138000
1665005583257 185.72097778320312 138100
1665005583301 195.3154296875 138200
1665005583351 191.61924743652344 138300
1665005583392 187.51458740234375 138400
1665005583432 191.2324676513672 138500
1665005583474 185.18756103515625 138600
1665005583518 194.64404296875 138700
1665005583564 193.5765380859375 138800
1665005583605 192.50570678710938 138900
1665005583646 195.98724365234375 139000
1665005583691 191.8948516845703 139100
1665005583734 197.4215850830078 139200
1665005583777 192.50576782226562 139300
1665005583822 194.22357177734375 139400
1665005583870 192.29824829101562 139500
1665005583910 193.80612182617188 139600
1665005583954 196.59185791015625 139700
1665005583997 195.04269409179688 139800
1665005584037 195.7848663330078 139900
1665005584084 193.9117889404297 140000
1665005584125 196.98361206054688 140100
1665005584167 193.1302490234375 140200
1665005584211 194.7911376953125 140300
1665005584252 196.54351806640625 140400
1665005584293 204.75048828125 140500
1665005584340 198.27293395996094 140600
1665005584387 195.92245483398438 140700
1665005584428 200.97113037109375 140800
1665005584470 203.49606323242188 140900
1665005584514 186.64361572265625 141000
1665005584560 187.83267211914062 141100
1665005584605 194.67724609375 141200
1665005584649 194.9644317626953 141300
1665005584697 197.76316833496094 141400
1665005584741 197.62933349609375 141500
1665005584785 198.33106994628906 141600
1665005584827 200.40126037597656 141700
1665005584867 191.8052978515625 141800
1665005584913 193.07174682617188 141900
1665005584960 192.307861328125 142000
1665005585001 197.42886352539062 142100
1665005585045 196.47708129882812 142200
1665005585088 195.46421813964844 142300
1665005585132 196.6283721923828 142400
1665005585172 204.4680938720703 142500
1665005585217 195.94622802734375 142600
1665005585258 195.1072998046875 142700
1665005585305 198.31105041503906 142800
1665005585350 185.38034057617188 142900
1665005585399 199.62838745117188 143000
1665005585443 195.0751190185547 143100
1665005585489 198.14356994628906 143200
1665005585535 201.4241180419922 143300
1665005585577 197.1766357421875 143400
1665005585622 202.6027374267578 143500
1665005585663 201.7864990234375 143600
1665005585711 200.02183532714844 143700
1665005585753 205.09750366210938 143800
1665005585801 202.62936401367188 143900
1665005585844 205.84825134277344 144000
1665005585887 202.8245849609375 144100
1665005585933 202.4844970703125 144200
1665005585973 201.85006713867188 144300
1665005586017 199.67654418945312 144400
1665005586059 202.01925659179688 144500
1665005586102 200.6099853515625 144600
1665005586144 201.39991760253906 144700
1665005586185 202.65396118164062 144800
1665005586229 197.564697265625 144900
1665005586270 210.69387817382812 145000
1665005586322 201.63967895507812 145100
1665005586367 206.66262817382812 145200
1665005586415 206.10223388671875 145300
1665005586458 208.9257354736328 145400
1665005586502 204.51657104492188 145500
1665005586545 204.22354125976562 145600
1665005586585 207.65936279296875 145700
1665005586629 202.10169982910156 145800
1665005586674 204.6023406982422 145900
1665005586717 208.7416534423828 146000
1665005586761 206.171875 146100
1665005586809 205.69857788085938 146200
1665005586854 209.29844665527344 146300
1665005586896 204.45989990234375 146400
1665005586940 209.17501831054688 146500
1665005586979 203.99114990234375 146600
1665005587022 207.21636962890625 146700
1665005587065 205.92001342773438 146800
1665005587106 198.97982788085938 146900
1665005587151 206.49559020996094 147000
1665005587194 202.80413818359375 147100
1665005587237 205.0463104248047 147200
1665005587281 208.36007690429688 147300
1665005587329 206.08511352539062 147400
1665005587376 212.98016357421875 147500
1665005587419 206.29986572265625 147600
1665005587463 206.1461639404297 147700
1665005587505 212.53253173828125 147800
1665005587547 206.93316650390625 147900
1665005587589 201.54617309570312 148000
1665005587633 214.3709716796875 148100
1665005587678 204.82833862304688 148200
1665005587718 208.74191284179688 148300
1665005587767 210.72601318359375 148400
1665005587811 203.6449432373047 148500
1665005587861 206.86322021484375 148600
1665005587907 202.39703369140625 148700
1665005587947 205.33416748046875 148800
1665005587992 207.41802978515625 148900
1665005588036 211.43087768554688 149000
1665005588080 203.31027221679688 149100
1665005588124 207.38821411132812 149200
1665005588166 204.3695068359375 149300
1665005588208 210.415771484375 149400
1665005588254 209.61692810058594 149500
1665005588294 205.92471313476562 149600
1665005588340 208.17678833007812 149700
1665005588385 206.49298095703125 149800
1665005588426 204.2666473388672 149900
1665005588471 215.48004150390625 150000
1665005588513 201.15185546875 150100
1665005588557 210.72439575195312 150200
1665005588599 208.4190673828125 150300
1665005588638 212.97930908203125 150400
1665005588690 208.59469604492188 150500
1665005588731 210.85191345214844 150600
1665005588776 205.340087890625 150700
1665005588822 208.91232299804688 150800
1665005588865 205.1466064453125 150900
1665005588905 212.91197204589844 151000
1665005588949 210.44219970703125 151100
1665005588993 211.1211700439453 151200
1665005589037 212.21087646484375 151300
1665005589081 210.8555908203125 151400
1665005589123 210.94418334960938 151500
1665005589171 214.03411865234375 151600
1665005589213 207.38421630859375 151700
1665005589259 215.785888671875 151800
1665005589304 212.809326171875 151900
1665005589350 216.65182495117188 152000
1665005589397 208.8502197265625 152100
1665005589437 210.32041931152344 152200
1665005589480 209.595703125 152300
1665005589527 214.9449920654297 152400
1665005589568 215.58697509765625 152500
1665005589613 212.22146606445312 152600
1665005589656 217.0937042236328 152700
1665005589706 216.27508544921875 152800
1665005589748 209.10252380371094 152900
1665005589795 202.92715454101562 153000
1665005589845 214.48414611816406 153100
1665005589890 213.11265563964844 153200
1665005589934 213.48443603515625 153300
1665005589984 214.10296630859375 153400
1665005590030 215.80470275878906 153500
1665005590071 218.6715087890625 153600
1665005590117 212.27627563476562 153700
1665005590164 206.6922149658203 153800
1665005590207 210.39443969726562 153900
1665005590251 218.57838439941406 154000
1665005590294 216.19839477539062 154100
1665005590342 216.7818603515625 154200
1665005590385 218.00933837890625 154300
1665005590428 216.78741455078125 154400
1665005590471 221.02850341796875 154500
1665005590518 218.8165283203125 154600
1665005590561 222.39321899414062 154700
1665005590618 219.80194091796875 154800
1665005590659 216.00599670410156 154900
1665005590702 217.92874145507812 155000
1665005590747 215.07797241210938 155100
1665005590789 225.80221557617188 155200
1665005590836 220.11756896972656 155300
1665005590880 222.85609436035156 155400
1665005590922 221.845947265625 155500
1665005590963 221.93800354003906 155600
1665005591009 218.96978759765625 155700
1665005591051 221.21238708496094 155800
1665005591094 218.47337341308594 155900
1665005591142 222.81625366210938 156000
1665005591188 214.04037475585938 156100
1665005591233 225.50613403320312 156200
1665005591275 218.03887939453125 156300
1665005591320 224.12274169921875 156400
1665005591367 219.53115844726562 156500
1665005591412 221.91769409179688 156600
1665005591460 219.89219665527344 156700
1665005591501 219.30667114257812 156800
1665005591545 218.27749633789062 156900
1665005591589 225.81004333496094 157000
1665005591637 218.9893341064453 157100
1665005591682 216.14930725097656 157200
1665005591725 224.48342895507812 157300
1665005591770 217.72366333007812 157400
1665005591814 220.111572265625 157500
1665005591861 221.3113555908203 157600
1665005591901 219.30087280273438 157700
1665005591945 210.92832946777344 157800
1665005591988 220.56202697753906 157900
1665005592034 217.45468139648438 158000
1665005592076 213.0453338623047 158100
1665005592122 231.13331604003906 158200
1665005592172 216.70684814453125 158300
1665005592217 223.16891479492188 158400
1665005592261 225.29571533203125 158500
1665005592304 216.6973419189453 158600
1665005592351 220.0293731689453 158700
1665005592395 219.73878479003906 158800
1665005592438 216.14378356933594 158900
1665005592481 217.9390411376953 159000
1665005592526 221.85662841796875 159100
1665005592571 219.59002685546875 159200
1665005592615 223.2642059326172 159300
1665005592659 222.63314819335938 159400
1665005592705 220.16796875 159500
1665005592750 223.37814331054688 159600
1665005592794 220.89627075195312 159700
1665005592841 220.1905059814453 159800
1665005592884 223.26394653320312 159900
1665005592928 224.536865234375 160000
1665005592973 222.4591827392578 160100
1665005593017 223.66326904296875 160200
1665005593062 219.18643188476562 160300
1665005593109 216.38162231445312 160400
1665005593150 224.43701171875 160500
1665005593197 218.4150390625 160600
1665005593242 218.03964233398438 160700
1665005593289 216.0758819580078 160800
1665005593340 220.56460571289062 160900
1665005593385 210.35594177246094 161000
1665005593432 222.10311889648438 161100
1665005593478 217.97879028320312 161200
1665005593522 214.17742919921875 161300
1665005593569 212.31784057617188 161400
1665005593613 218.56594848632812 161500
1665005593656 217.12957763671875 161600
1665005593702 212.09487915039062 161700
1665005593751 215.53433227539062 161800
1665005593797 221.84922790527344 161900
1665005593844 217.28500366210938 162000
1665005593892 212.74505615234375 162100
1665005593933 222.67874145507812 162200
1665005593979 212.97421264648438 162300
1665005594021 210.07705688476562 162400
1665005594063 213.23297119140625 162500
1665005594108 215.99359130859375 162600
1665005594152 212.9381561279297 162700
1665005594200 213.61822509765625 162800
1665005594242 218.86085510253906 162900
1665005594288 219.49078369140625 163000
1665005594340 214.47271728515625 163100
1665005594385 217.8795166015625 163200
1665005594429 220.97035217285156 163300
1665005594474 215.33901977539062 163400
1665005594521 218.47120666503906 163500
1665005594567 209.12576293945312 163600
1665005594617 216.4454345703125 163700
1665005594662 217.23336791992188 163800
1665005594710 213.0074462890625 163900
1665005594756 212.28738403320312 164000
1665005594802 215.82830810546875 164100
1665005594848 218.86386108398438 164200
1665005594894 207.61734008789062 164300
1665005594941 214.31707763671875 164400
1665005594987 214.908935546875 164500
1665005595037 212.4749755859375 164600
1665005595080 212.71939086914062 164700
1665005595122 211.639404296875 164800
1665005595166 213.5886993408203 164900
1665005595210 208.47427368164062 165000
1665005595253 206.6526336669922 165100
1665005595298 210.98025512695312 165200
1665005595347 210.0566864013672 165300
1665005595394 209.6902313232422 165400
1665005595439 213.72152709960938 165500
1665005595485 212.58755493164062 165600
1665005595536 211.4485321044922 165700
1665005595581 212.2660675048828 165800
1665005595630 197.05674743652344 165900
1665005595675 207.84219360351562 166000
1665005595722 214.61019897460938 166100
1665005595766 211.6033172607422 166200
1665005595811 204.10519409179688 166300
1665005595858 205.82479858398438 166400
1665005595902 204.82826232910156 166500
1665005595947 214.4401397705078 166600
1665005595993 206.67723083496094 166700
1665005596040 210.85977172851562 166800
1665005596085 210.45318603515625 166900
1665005596129 209.83511352539062 167000
1665005596174 207.18109130859375 167100
1665005596225 203.45108032226562 167200
1665005596270 203.41448974609375 167300
1665005596317 205.55030822753906 167400
1665005596364 210.39248657226562 167500
1665005596406 214.9725341796875 167600
1665005596455 201.03738403320312 167700
1665005596500 206.13479614257812 167800
1665005596544 204.34072875976562 167900
1665005596589 208.62643432617188 168000
1665005596634 206.48043823242188 168100
1665005596681 198.99337768554688 168200
1665005596728 205.20748901367188 168300
1665005596778 208.2458953857422 168400
1665005596825 205.711181640625 168500
1665005596873 195.63027954101562 168600
1665005596915 205.22763061523438 168700
1665005596963 209.42758178710938 168800
1665005597007 209.29583740234375 168900
1665005597059 200.78622436523438 169000
1665005597102 201.61790466308594 169100
1665005597149 204.9972381591797 169200
1665005597193 201.7586212158203 169300
1665005597245 200.98484802246094 169400
1665005597290 195.36355590820312 169500
1665005597340 191.44387817382812 169600
1665005597385 200.07066345214844 169700
1665005597431 196.42376708984375 169800
1665005597478 196.51702880859375 169900
1665005597521 197.3365020751953 170000
1665005597570 193.18658447265625 170100
1665005597619 195.9576416015625 170200
1665005597665 197.747802734375 170300
1665005597712 197.90023803710938 170400
1665005597759 206.9458770751953 170500
1665005597805 205.05929565429688 170600
1665005597854 194.82351684570312 170700
1665005597898 197.77609252929688 170800
1665005597946 198.69235229492188 170900
1665005597993 190.68875122070312 171000
1665005598036 190.14166259765625 171100
1665005598084 192.4645538330078 171200
1665005598125 196.01129150390625 171300
1665005598173 199.15802001953125 171400
1665005598219 200.9960479736328 171500
1665005598265 187.65615844726562 171600
1665005598313 195.15383911132812 171700
1665005598364 192.63516235351562 171800
1665005598407 193.7716064453125 171900
1665005598455 189.80230712890625 172000
1665005598498 191.77066040039062 172100
1665005598544 188.34144592285156 172200
1665005598589 202.79119873046875 172300
1665005598633 194.77398681640625 172400
1665005598682 196.138671875 172500
1665005598731 204.48626708984375 172600
1665005598776 193.90658569335938 172700
1665005598821 201.08145141601562 172800
1665005598871 195.59475708007812 172900
1665005598913 185.7412567138672 173000
1665005598960 202.02658081054688 173100
1665005599006 192.2605743408203 173200
1665005599050 195.93728637695312 173300
1665005599098 195.43551635742188 173400
1665005599144 202.2200164794922 173500
1665005599190 196.2271728515625 173600
1665005599243 193.38473510742188 173700
1665005599288 181.66488647460938 173800
1665005599346 177.11146545410156 173900
1665005599393 195.86227416992188 174000
1665005599437 189.43626403808594 174100
1665005599484 194.27383422851562 174200
1665005599533 185.83099365234375 174300
1665005599576 188.704833984375 174400
1665005599624 190.72970581054688 174500
1665005599666 192.99874877929688 174600
1665005599716 196.07154846191406 174700
1665005599763 190.5692596435547 174800
1665005599812 187.50186157226562 174900
1665005599860 187.34442138671875 175000
1665005599907 183.3311767578125 175100
1665005599951 184.88247680664062 175200
1665005600000 193.9085693359375 175300
1665005600051 190.29107666015625 175400
1665005600096 188.0633544921875 175500
1665005600143 188.1536407470703 175600
1665005600191 194.86358642578125 175700
1665005600234 179.0762939453125 175800
1665005600280 190.3673553466797 175900
1665005600331 176.66018676757812 176000
1665005600376 182.76544189453125 176100
1665005600426 174.84288024902344 176200
1665005600473 179.90943908691406 176300
1665005600520 184.0953369140625 176400
1665005600565 189.50498962402344 176500
1665005600611 182.63157653808594 176600
1665005600659 182.68359375 176700
1665005600702 177.1886444091797 176800
1665005600751 179.0177001953125 176900
1665005600799 184.55389404296875 177000
1665005600850 179.5348358154297 177100
1665005600897 168.91714477539062 177200
1665005600949 173.03497314453125 177300
1665005600993 186.46896362304688 177400
1665005601041 177.83233642578125 177500
1665005601084 180.33724975585938 177600
1665005601135 169.85140991210938 177700
1665005601180 182.048583984375 177800
1665005601231 185.63563537597656 177900
1665005601276 177.24423217773438 178000
1665005601332 171.6669921875 178100
1665005601377 165.47393798828125 178200
1665005601426 180.7701873779297 178300
1665005601474 180.19424438476562 178400
1665005601522 174.06512451171875 178500
1665005601572 167.96099853515625 178600
1665005601621 178.0198974609375 178700
1665005601667 167.9423065185547 178800
1665005601717 183.03070068359375 178900
1665005601766 176.56033325195312 179000
1665005601815 175.72328186035156 179100
1665005601865 179.3360595703125 179200
1665005601908 183.3902587890625 179300
1665005601960 179.3638153076172 179400
1665005602005 163.7297821044922 179500
1665005602050 164.49130249023438 179600
1665005602096 173.3679962158203 179700
1665005602145 176.39585876464844 179800
1665005602189 172.69610595703125 179900
1665005602237 164.01242065429688 180000
1665005602282 172.73733520507812 180100
1665005602332 169.9263153076172 180200
1665005602378 167.23854064941406 180300
1665005602423 170.40213012695312 180400
1665005602472 169.15000915527344 180500
1665005602516 174.60418701171875 180600
1665005602566 167.03167724609375 180700
1665005602608 185.7908935546875 180800
1665005602654 172.85140991210938 180900
1665005602698 171.595458984375 181000
1665005602754 171.08807373046875 181100
1665005602800 168.4761505126953 181200
1665005602853 156.58082580566406 181300
1665005602896 162.61399841308594 181400
1665005602943 174.93548583984375 181500
1665005602988 177.82528686523438 181600
1665005603037 170.64794921875 181700
1665005603082 168.14224243164062 181800
1665005603128 170.40029907226562 181900
1665005603172 161.67922973632812 182000
1665005603218 165.7770538330078 182100
1665005603265 160.28733825683594 182200
1665005603314 164.94921875 182300
1665005603369 166.55850219726562 182400
1665005603413 174.592529296875 182500
1665005603457 168.51815795898438 182600
1665005603503 163.0700225830078 182700
1665005603547 165.82662963867188 182800
1665005603596 171.14968872070312 182900
1665005603641 173.68869018554688 183000
1665005603689 162.31005859375 183100
1665005603732 166.40408325195312 183200
1665005603779 163.02783203125 183300
1665005603827 168.83453369140625 183400
1665005603876 158.78823852539062 183500
1665005603922 162.7864990234375 183600
1665005603964 164.43585205078125 183700
1665005604009 159.0539093017578 183800
1665005604054 162.73802185058594 183900
1665005604099 158.27197265625 184000
1665005604147 153.20755004882812 184100
1665005604191 168.1853790283203 184200
1665005604239 151.77352905273438 184300
1665005604284 157.70089721679688 184400
1665005604334 157.62228393554688 184500
1665005604382 160.9410400390625 184600
1665005604428 160.80123901367188 184700
1665005604472 163.08436584472656 184800
1665005604519 156.37339782714844 184900
1665005604571 157.4117431640625 185000
1665005604617 165.35848999023438 185100
1665005604661 155.53607177734375 185200
1665005604706 156.21792602539062 185300
1665005604755 165.04217529296875 185400
1665005604805 160.66453552246094 185500
1665005604852 158.1556396484375 185600
1665005604898 158.69371032714844 185700
1665005604942 150.4929656982422 185800
1665005604986 161.73898315429688 185900
1665005605034 155.27157592773438 186000
1665005605084 165.321044921875 186100
1665005605134 157.8740234375 186200
1665005605178 147.62149047851562 186300
1665005605228 154.2464599609375 186400
1665005605272 166.41700744628906 186500
1665005605323 158.85447692871094 186600
1665005605369 161.66250610351562 186700
1665005605416 162.0398406982422 186800
1665005605461 153.98269653320312 186900
1665005605506 159.7075958251953 187000
1665005605556 141.9339141845703 187100
1665005605599 156.7295379638672 187200
1665005605650 156.12249755859375 187300
1665005605694 146.400390625 187400
1665005605740 157.5504150390625 187500
1665005605785 147.163330078125 187600
1665005605833 161.57864379882812 187700
1665005605884 148.05291748046875 187800
1665005605929 156.6917724609375 187900
1665005605973 149.10650634765625 188000
1665005606017 150.99227905273438 188100
1665005606063 158.68429565429688 188200
1665005606111 151.3043975830078 188300
1665005606158 155.71664428710938 188400
1665005606202 154.26048278808594 188500
1665005606253 153.07199096679688 188600
1665005606299 146.65936279296875 188700
1665005606350 139.9184112548828 188800
1665005606393 150.06155395507812 188900
1665005606443 143.67535400390625 189000
1665005606488 157.05130004882812 189100
1665005606538 151.94219970703125 189200
1665005606583 151.82464599609375 189300
1665005606630 153.41494750976562 189400
1665005606677 151.66110229492188 189500
1665005606722 145.57479858398438 189600
1665005606772 145.23712158203125 189700
1665005606820 148.379150390625 189800
1665005606869 144.06124877929688 189900
1665005606913 148.28353881835938 190000
1665005606959 144.02908325195312 190100
1665005607005 148.39599609375 190200
1665005607052 146.3817138671875 190300
1665005607096 145.84619140625 190400
1665005607144 139.66819763183594 190500
1665005607188 140.32247924804688 190600
1665005607238 144.95318603515625 190700
1665005607284 139.0423583984375 190800
1665005607332 148.10267639160156 190900
1665005607380 150.31924438476562 191000
1665005607425 141.26544189453125 191100
1665005607477 139.22633361816406 191200
1665005607520 151.1659698486328 191300
1665005607566 149.13034057617188 191400
1665005607611 148.58950805664062 191500
1665005607658 138.63796997070312 191600
1665005607705 143.93154907226562 191700
1665005607753 150.32769775390625 191800
1665005607798 144.77847290039062 191900
1665005607850 150.40789794921875 192000
1665005607901 149.8550567626953 192100
1665005607947 150.71878051757812 192200
1665005607991 149.58572387695312 192300
1665005608037 149.7769012451172 192400
1665005608083 149.09323120117188 192500
1665005608127 150.46798706054688 192600
1665005608175 159.75119018554688 192700
1665005608222 145.43035888671875 192800
1665005608272 149.75296020507812 192900
1665005608321 152.9002685546875 193000
1665005608370 148.26316833496094 193100
1665005608416 152.47842407226562 193200
1665005608461 157.44163513183594 193300
1665005608508 152.1521759033203 193400
1665005608553 150.53407287597656 193500
1665005608599 152.5855712890625 193600
1665005608646 154.09378051757812 193700
1665005608696 155.9358367919922 193800
1665005608740 153.6273651123047 193900
1665005608788 158.45541381835938 194000
1665005608835 163.03094482421875 194100
1665005608883 156.5447235107422 194200
1665005608929 162.80799865722656 194300
1665005608975 156.76119995117188 194400
1665005609021 164.68093872070312 194500
1665005609067 162.69522094726562 194600
1665005609114 164.7958984375 194700
1665005609158 171.18399047851562 194800
1665005609203 163.80392456054688 194900
1665005609249 160.35882568359375 195000
1665005609300 160.88577270507812 195100
1665005609348 163.78311157226562 195200
1665005609394 169.63516235351562 195300
1665005609437 161.27134704589844 195400
1665005609486 163.51068115234375 195500
1665005609534 167.9640350341797 195600
1665005609587 176.50888061523438 195700
1665005609631 169.2593994140625 195800
1665005609676 167.89598083496094 195900
1665005609722 171.22348022460938 196000
1665005609768 170.67935180664062 196100
1665005609825 173.49856567382812 196200
1665005609875 172.02239990234375 196300
1665005609921 166.59173583984375 196400
1665005609965 162.31942749023438 196500
1665005610013 173.47427368164062 196600
1665005610058 171.16436767578125 196700
1665005610111 176.1230010986328 196800
1665005610156 174.68670654296875 196900
1665005610204 171.10806274414062 197000
1665005610249 173.52708435058594 197100
1665005610294 167.0039520263672 197200
1665005610346 177.625244140625 197300
1665005610391 171.9002685546875 197400
1665005610438 177.05990600585938 197500
1665005610484 172.31243896484375 197600
1665005610535 179.95382690429688 197700
1665005610581 177.39822387695312 197800
1665005610633 176.31265258789062 197900
1665005610678 173.70925903320312 198000
1665005610725 171.90704345703125 198100
1665005610775 180.9906768798828 198200
1665005610824 181.4675750732422 198300
1665005610870 177.4974365234375 198400
1665005610918 175.66632080078125 198500
1665005610966 181.2617950439453 198600
1665005611024 178.12818908691406 198700
1665005611070 175.61083984375 198800
1665005611116 179.12847900390625 198900
1665005611163 175.72402954101562 199000
1665005611211 178.20628356933594 199100
1665005611259 177.2650604248047 199200
1665005611307 179.2288055419922 199300
1665005611366 178.63876342773438 199400
1665005611412 176.15733337402344 199500
1665005611460 178.45016479492188 199600
1665005611509 177.3813018798828 199700
1665005611557 180.5727081298828 199800
1665005611605 182.806396484375 199900
